"","Geo_FIPS","density","PConeUnit","PCcommutingNotCar","PClessHighSchool","PCsomeCollegeOrMore","PCdoctorate","PCmarriedCouple","PCwithKids","PCunmarriedSSCouple","PCsexMale","medianAge","PCraceWhiteAlone","PCraceBlackAlone","PCraceAsianAlone","PCraceHispanic","PCforeignBorn","PCownerOccUnits","PCwithInterests","perCapitaIncome","PCunemployed","PCpoorStruggling","PCveryWealthyHHolds","year.x","year.y","cluster"
"1",6001400100,1273.874,0.941389290882779,0.147174770039422,0,0.970181503889369,0.097666378565255,0.592307692307692,0.15,0.0123076923076923,0.487740029542097,47,0.6602658788774,0.0404726735598227,0.213293943870015,0.0776957163958641,0.240472673559823,0.829230769230769,0.655384615384615,88499,0.0395550061804697,0.0628633720930233,0.407692307692308,"2014",2014,1
"2",6001400200,8438.811,0.686274509803922,0.3019508057676,0.0177890724269377,0.9428208386277,0.0838627700127065,0.547239263803681,0.195092024539877,0,0.483238782877772,43.6,0.76689014956163,0.0175348117586385,0.113460546673543,0.0691077875193399,0.150077359463641,0.631901840490798,0.561963190184049,83992,0.0241935483870968,0.0830324909747292,0.307975460122699,"2014",2014,1
"3",6001400300,12718.81,0.56719291490181,0.317017082785808,0.0444290976058932,0.866252302025783,0.0543278084714549,0.362151394422311,0.190438247011952,0.0330677290836653,0.451363301400147,39.8,0.66304347826087,0.131724392041268,0.125829034635225,0.0770081061164333,0.168570375829035,0.459760956175299,0.372509960159363,59829,0.0920369301788806,0.145573159366263,0.185258964143426,"2014",2014,1
"4",6001400400,15749.25,0.492608236536431,0.467653936087295,0.052997393570808,0.889081957717926,0.0784824790037648,0.34326710816777,0.220198675496689,0.0275938189845475,0.462724935732648,36.5,0.698293993923814,0.167095115681234,0.081093713484459,0.106800654358495,0.0675391446599673,0.399006622516556,0.361479028697572,51667,0.0429319371727749,0.157229761347684,0.124724061810155,"2014",2014,1
"5",6001400500,15484.15,0.45952380952381,0.345702207609206,0.0369068541300527,0.860105448154657,0.0263620386643234,0.216981132075472,0.129559748427673,0.00880503144654088,0.450227531285552,35.5,0.636518771331058,0.256541524459613,0.032707622298066,0.147895335608646,0.136803185437998,0.367295597484277,0.225157232704403,39383,0.0842927631578947,0.262798634812287,0.0427672955974843,"2014",2014,2
"6",6001400600,15217.07,0.479057591623037,0.311320754716981,0.0978502594514455,0.733876945885841,0.0518902891030393,0.362258953168044,0.24931129476584,0,0.417142857142857,34.4,0.390285714285714,0.364571428571429,0.0485714285714286,0.136,0.135428571428571,0.462809917355372,0.173553719008264,32032,0.160202360876897,0.340450086555107,0.0275482093663912,"2014",2014,2
"7",6001400700,12930.63,0.434804928131417,0.41030534351145,0.0670878459687124,0.705776173285199,0.0246690734055355,0.222844344904815,0.240761478163494,0.0509518477043673,0.469745222929936,38.4,0.41105550500455,0.444040036396724,0.0259326660600546,0.10828025477707,0.0893994540491356,0.304031354983203,0.187010078387458,25597,0.103781512605042,0.484303912647862,0.0274356103023516,"2014",2014,2
"8",6001400800,11988.24,0.391425389755011,0.287878787878788,0.0991863618752422,0.737311119721038,0.028283611003487,0.250785669390321,0.124450031426776,0.0087994971715902,0.519266625233064,38.9,0.451211932877564,0.376320696084525,0.112181479179615,0.145742697327533,0.15941578620261,0.319296040226273,0.192960402262728,37809,0.134792122538293,0.274621212121212,0.0509113764927718,"2014",2014,3
"9",6001400900,12372.35,0.552346570397112,0.324553950722175,0.0547493403693931,0.829155672823219,0.00527704485488127,0.259842519685039,0.270669291338583,0.0334645669291339,0.455440669620876,38.9,0.521418020679468,0.313638601674052,0.1068439192516,0.0477597242737568,0.137863121614968,0.44488188976378,0.25492125984252,39244,0.0583717357910906,0.259970457902511,0.0590551181102362,"2014",2014,2
"10",6001401000,12353.87,0.421110702464141,0.3985559566787,0.12962096396818,0.651380439868975,0.00561534861956013,0.202952029520295,0.172611726117261,0.00943009430094301,0.526793823796549,36.8,0.361307901907357,0.412352406902816,0.0368755676657584,0.206357856494096,0.120617620345141,0.32390323903239,0.137351373513735,25721,0.112099079072721,0.456069996354357,0.019680196801968,"2014",2014,3
"11",6001401100,12389.27,0.294756731223429,0.454690618762475,0.04296875,0.840444711538462,0.0330528846153846,0.236021771400297,0.135576447303315,0.00692726373082632,0.504009433962264,33.9,0.569339622641509,0.224292452830189,0.121462264150943,0.110377358490566,0.125235849056604,0.247897080653142,0.268184067293419,36437,0.12863913337847,0.310849056603774,0.0286986640277091,"2014",2014,4
"12",6001401200,9102.005,0.437549096622152,0.42972972972973,0.0354291417165669,0.889221556886228,0.0533932135728543,0.255354200988468,0.126853377265239,0.0263591433278418,0.426865671641791,39.3,0.621748400852878,0.118123667377399,0.10319829424307,0.15181236673774,0.120682302771855,0.397034596375618,0.263591433278418,52521,0.108368452739314,0.206629358588033,0.126029654036244,"2014",2014,2
"13",6001401300,11548.01,0.0145395799676898,0.53953953953954,0.165843113032736,0.577825818406424,0.0138974675725757,0.163265306122449,0.092436974789916,0.0210084033613445,0.576671035386632,38.7,0.35045871559633,0.330013106159895,0.192922673656619,0.178768020969856,0.274967234600262,0.111644657863145,0.1062424969988,27736,0.137254901960784,0.555302814899062,0.0432172869147659,"2014",2014,3
"14",6001401400,14723.61,0.219623502567028,0.485676215856096,0.188416698006769,0.536291839037232,0.0105302745393005,0.260686755430974,0.301331464611072,0.0105115627189909,0.49499650919246,31.3,0.316732604142425,0.447754247149174,0.113102164300675,0.198976029788224,0.243891086804747,0.158374211632796,0.0399439383321654,14832,0.200201207243461,0.677343382006594,0.0161177295024527,"2014",2014,3
"15",6001401500,11817.36,0.407014681892333,0.325443786982249,0.127745664739884,0.713872832369942,0.00578034682080925,0.227225130890052,0.174869109947644,0.0324607329842932,0.542468324730174,36.7,0.46785546691694,0.363209760675739,0.0976067573908963,0.101830126701079,0.183951196621305,0.410471204188482,0.142408376963351,30185,0.128633720930233,0.474425152510558,0.0513089005235602,"2014",2014,3
"16",6001401600,7813.899,0.31917211328976,0.32436069986541,0.20952380952381,0.615873015873016,0.0523809523809524,0.171581769436997,0.300268096514745,0.00804289544235925,0.49921834288692,34.4,0.312141740489838,0.470557582073997,0.118811881188119,0.121417404898385,0.239187076602397,0.21313672922252,0.0737265415549598,17673,0.111638954869359,0.661281917665451,0.0160857908847185,"2014",2014,3
"17",6001401700,1161.85,0.335854765506808,0.263897763578275,0.1669341894061,0.709470304975923,0,0.217796610169492,0.180508474576271,0.0186440677966102,0.573184786784479,33.8,0.398770649250864,0.289281598155974,0.108336534767576,0.330003841721091,0.283519016519401,0.430508474576271,0.107627118644068,40061,0.0769230769230769,0.411448328851325,0.0559322033898305,"2014",2014,3
"18",6001401800,15555.69,0.399280575539568,0.393939393939394,0.1328125,0.7080078125,0.0078125,0.154411764705882,0.386764705882353,0.0176470588235294,0.431995540691193,27.3,0.289297658862876,0.518952062430323,0.0111482720178372,0.196767001114827,0.125418060200669,0.186764705882353,0.0602941176470588,16952,0.176404494382022,0.599777034559643,0,"2014",2014,3
"19",6001402200,8888.128,0.41812865497076,0.42046511627907,0.222222222222222,0.589263420724095,0.00686641697877653,0.196230598669623,0.241685144124169,0.00997782705099778,0.491823385118561,32.6,0.4329517579722,0.381030253475061,0.118152085036795,0.27187244480785,0.240801308258381,0.321507760532151,0.118625277161863,21710,0.18349299926308,0.567023026315789,0.0177383592017738,"2014",2014,3
"20",6001402400,21867.59,0.275544388609715,0.377690802348337,0.231177094379639,0.550371155885472,0.00265111346765642,0.178790534618755,0.35407537248028,0,0.450105411103303,33.1,0.190442726633872,0.589248067463106,0.0818692902319044,0.111384399156711,0.162333099086437,0.105170902716915,0.0622261174408414,16071,0.232300884955752,0.60832745236415,0,"2014",2014,3
"21",6001402500,13529.05,0.245524296675192,0.291228070175439,0.168539325842697,0.493360572012257,0,0.145275035260931,0.497884344146685,0,0.429020429544264,25.4,0.106338397066527,0.629649030906234,0.0932425353588266,0.193818753273965,0.184389732844421,0.170662905500705,0.0211565585331453,14511,0.247074122236671,0.708224201152436,0.0352609308885755,"2014",2014,3
"22",6001402600,8361.772,0.0901033973412112,0.407834101382488,0.261388286334056,0.483731019522777,0.00867678958785249,0.325038880248834,0.0544323483670296,0,0.476190476190476,52.3,0.117589893100097,0.295432458697765,0.558794946550049,0.033041788143829,0.52089407191448,0.1850699844479,0.0762052877138414,24278,0.112648221343874,0.6511175898931,0.0015552099533437,"2014",2014,3
"23",6001402700,10697.04,0.227642276422764,0.375474083438685,0.283333333333333,0.586111111111111,0,0.136904761904762,0.236607142857143,0.0297619047619048,0.422586520947177,33.5,0.280510018214936,0.540376442015786,0.0801457194899818,0.123861566484517,0.0825743776563449,0.211309523809524,0.15922619047619,25427,0.0920043811610077,0.492879256965944,0.0223214285714286,"2014",2014,3
"24",6001402800,21449.08,0.0368539325842697,0.541853512705531,0.234487734487734,0.653679653679654,0.018037518037518,0.135,0.0645,0.032,0.579872688693543,45.1,0.326159442255229,0.419521066989997,0.161260988178236,0.0994240678993634,0.342831160957866,0.0825,0.0705,30593,0.192331478045764,0.585985312117503,0.0485,"2014",2014,3
"25",6001402900,9306.215,0.0197674418604651,0.65089722675367,0.2149302707137,0.559474979491386,0,0.17478152309613,0.048689138576779,0,0.443173695496783,40.6,0.260900643316655,0.130092923516798,0.504646175839886,0.100786275911365,0.514653323802716,0.00998751560549313,0.0299625468164794,26806,0.0740740740740741,0.543461829176115,0.00749063670411985,"2014",2014,3
"26",6001403000,18114.83,0.0520772381509655,0.607795371498173,0.440315838365072,0.349280074314909,0.00928936367858802,0.296052631578947,0.0928362573099415,0,0.415216511533792,58.3,0.0797248077701335,0.0372318899231081,0.819910967219749,0.0194253338729259,0.672197490894375,0.191520467836257,0.105994152046784,21984,0.115138592750533,0.62161068393363,0.00657894736842105,"2014",2014,7
"27",6001403100,13307.34,0.0324324324324324,0.505221932114883,0.293880295897781,0.577673167451244,0.0289172831203766,0.364028776978417,0.0877697841726619,0.00719424460431655,0.671156004489338,40.6,0.317620650953984,0.162177328843996,0.384960718294052,0.121212121212121,0.390011223344557,0.270503597122302,0.271942446043165,33402,0.0862884160756501,0.36830835117773,0.0705035971223022,"2014",2014,3
"28",6001403300,10586.08,0.0532054077627562,0.491532783326096,0.228679722046747,0.658243840808591,0.058433354390398,0.312350977587029,0.124463519313305,0.0128755364806867,0.453896961690885,38.8,0.308322324966975,0.0782034346103038,0.532364597093791,0.0623513870541612,0.488243064729194,0.240343347639485,0.168335717691941,40608,0.0793713163064833,0.347144754316069,0.0233667143538388,"2014",2014,4
"29",6001403400,17107.01,0.0192988099067224,0.571428571428571,0.119422922789207,0.740582420518301,0.0162970878974085,0.178355286578854,0.0601637593449626,0.0220719117123532,0.486127035083696,39.8,0.371703737674845,0.19926622334327,0.29144691584499,0.11327677138271,0.284797064893373,0.0840156639373442,0.141331434674261,33783,0.0863180515759312,0.458669122726226,0.0224279102883588,"2014",2014,4
"30",6001403501,17462.38,0.115579710144928,0.549090909090909,0.157127715951245,0.727609962904081,0.0596184419713831,0.150943396226415,0.13970293054998,0.00963468486551586,0.475194660734149,37.2,0.356618464961068,0.308787541713014,0.245161290322581,0.0985539488320356,0.317018909899889,0.13890004014452,0.124046567643517,33537,0.042029534267323,0.487430478309232,0.0497792051384986,"2014",2014,4
"31",6001403502,28652.7,0.145412130637636,0.403587443946188,0.0483782297965915,0.836173721825179,0.0181418361737218,0.198160535117057,0.092809364548495,0.0133779264214047,0.467789890981169,37,0.551536174430129,0.234390485629336,0.128344895936571,0.113478691774034,0.210604558969277,0.259197324414716,0.255016722408027,39071,0.113799869195553,0.284935579781962,0.00334448160535117,"2014",2014,4
"32",6001403600,29199.61,0.0976505139500734,0.240418118466899,0.0414073071718539,0.854397834912043,0.0500676589986468,0.182260024301337,0.133657351154313,0,0.497953615279673,35.6,0.369486130059118,0.217144156434743,0.240336516598454,0.116643929058663,0.301955434288313,0.17942486836776,0.140542729850142,44795,0.065238558909445,0.233745047774412,0.0575131632239773,"2014",2014,4
"33",6001403701,36821.79,0.00806451612903226,0.433270082226439,0.0291390728476821,0.895805739514349,0.0353200883002208,0.144713526284702,0.058476077968104,0.0100413467217956,0.522038010513546,36.7,0.60614638091387,0.192478770723817,0.12778002426203,0.0808734330772341,0.199353012535382,0.080330773774365,0.330773774365032,50166,0.0093984962406015,0.188679245283019,0.0366213821618429,"2014",2014,4
"34",6001403702,24531.07,0.0274678111587983,0.406491499227202,0.0152046783625731,0.926315789473684,0.0701754385964912,0.296819787985866,0.104240282685512,0.0282685512367491,0.454258675078864,41.7,0.668243953732913,0.0741324921135647,0.14931650893796,0.0783385909568875,0.152471083070452,0.285335689045936,0.331272084805654,57581,0.0591204037490988,0.155099894847529,0.0777385159010601,"2014",2014,4
"35",6001403800,13632.8,0.31827731092437,0.231031543052003,0.024906175366769,0.920163766632549,0.0457181849198226,0.316777041942605,0.155077262693157,0.0182119205298013,0.470043415340087,38,0.697250361794501,0.0833574529667149,0.126193921852388,0.0767004341534009,0.129956584659913,0.336644591611479,0.342163355408389,56959,0.0663803201874268,0.11027496382055,0.122516556291391,"2014",2014,1
"36",6001403900,20873.63,0.134945054945055,0.275982532751092,0.0340801514673399,0.859577153676239,0.0394446197538656,0.167114695340502,0.151881720430108,0.0134408602150538,0.495490981963928,39.5,0.528807615230461,0.223947895791583,0.166082164328657,0.064128256513026,0.211923847695391,0.325268817204301,0.346326164874552,46159,0.0665073675826364,0.240960809102402,0.0667562724014337,"2014",2014,4
"37",6001404000,19573.91,0.136206896551724,0.265463917525773,0.00942622950819672,0.904098360655738,0.0397540983606557,0.215337423312883,0.110429447852761,0.0331288343558282,0.491978609625668,35.9,0.653475935828877,0.0648841354723708,0.114438502673797,0.147237076648841,0.218181818181818,0.280981595092025,0.292638036809816,48250,0.0643611911623439,0.193745506829619,0.0478527607361963,"2014",2014,4
"38",6001404101,13142.68,0.338600451467269,0.425228310502283,0.00411861614497529,0.92668863261944,0.057660626029654,0.274922600619195,0.144891640866873,0.0198142414860681,0.411885949845414,40.3,0.768464445207832,0.0161456544142906,0.112332531776022,0.0491240123668842,0.15664720027482,0.380185758513932,0.386996904024768,57994,0.0820410205102551,0.183856502242152,0.0959752321981424,"2014",2014,1
"39",6001404102,28254.78,0.138738738738739,0.257966616084977,0.0579310344827586,0.831264367816092,0.0344827586206897,0.179337231968811,0.0818713450292398,0.0110461338531514,0.507765830346475,43.9,0.585822381521306,0.0860215053763441,0.238550378335325,0.0712863401035444,0.192353643966547,0.148797920727745,0.296296296296296,53993,0.0738482384823848,0.192226446979299,0.0578297595841455,"2014",2014,4
"40",6001404200,3261.083,0.795017793594306,0.268098159509202,0.0352991820921223,0.923805424020663,0.122686181661644,0.6112828438949,0.348531684698609,0.0324574961360124,0.475844004656577,43.9,0.705762514551804,0.0753783469150175,0.149592549476135,0.070430733410943,0.186554132712456,0.779752704791345,0.571097372488408,73547,0.0706733444629939,0.0707748627211714,0.35935085007728,"2014",2014,1
"41",6001404300,4736.385,0.783025830258303,0.232438606510565,0.0299727520435967,0.907356948228883,0.0864149474503698,0.605222734254992,0.33026113671275,0.0291858678955453,0.491039426523298,45.3,0.719832735961768,0.0549581839904421,0.145161290322581,0.0683990442054958,0.128136200716846,0.800307219662058,0.596006144393241,91935,0.0651361452215697,0.0797491039426523,0.414746543778802,"2014",2014,1
"42",6001404400,3237.576,0.715301003344482,0.108776685869197,0.0081151832460733,0.963874345549738,0.0732984293193717,0.467902350813743,0.33996383363472,0.0547016274864376,0.489526764934057,44.8,0.706943366951125,0.0329712955779674,0.176299456943367,0.0773855702094647,0.150504266873545,0.839059674502712,0.572784810126582,73101,0.017299969107198,0.0762894685232399,0.355334538878843,"2014",2014,1
"43",6001404501,4098.008,0.934540389972145,0.179122182680902,0.0306603773584906,0.949685534591195,0.113993710691824,0.733918128654971,0.35233918128655,0.0263157894736842,0.458380843785633,46.2,0.763397947548461,0.0307867730900798,0.103762827822121,0.0478905359179019,0.137400228050171,0.869883040935672,0.599415204678363,102964,0.072905331882481,0.0339080459770115,0.41374269005848,"2014",2014,1
"44",6001404502,4539.208,0.918460264900662,0.195390436876505,0,0.95457771469127,0.0430565412822333,0.599230111206159,0.285714285714286,0.0218135158254919,0.478172023035482,45.5,0.820546163849155,0.0412409437116849,0.0804384172394575,0.0509009845810886,0.127995541519599,0.874251497005988,0.555175363558597,70884,0.0297253634894992,0.100353094220405,0.28229255774166,"2014",2014,1
"45",6001404600,2370.32,0.985976267529666,0.107301331181928,0.0203966005665722,0.927195467422096,0.0620396600566572,0.637665198237885,0.221916299559471,0.0468061674008811,0.504359490274983,48.2,0.710261569416499,0.06460988151129,0.135479543930248,0.0328638497652582,0.143751397272524,0.912444933920705,0.558920704845815,80252,0.0356458413185128,0.0552820053715309,0.291299559471366,"2014",2014,1
"46",6001404700,4447.778,0.993946731234867,0.107664233576642,0.0265760197775031,0.891223733003708,0.0618046971569839,0.6325,0.28375,0.01125,0.434572670207629,50.6,0.790439401255432,0.0651859005311444,0.101883148237566,0.0342829550941574,0.110574601641719,0.9375,0.47875,66748,0.0606816292601829,0.0468372766779334,0.315,"2014",2014,1
"47",6001404800,11927.7,0.527863777089783,0.145272867025365,0.0548961424332344,0.788328387734916,0.0148367952522255,0.361769352290679,0.296208530805687,0.00631911532385466,0.446440912232205,39.3,0.421561852107809,0.22356599861783,0.2069799585349,0.108154803040774,0.238424326192122,0.500789889415482,0.32306477093207,40997,0.121638924455826,0.347961299239807,0.127962085308057,"2014",2014,6
"48",6001404900,11103.51,0.539289055191768,0.130073800738007,0.0686845168800931,0.79685681024447,0.0442374854481956,0.400096993210475,0.242967992240543,0.0324927255092144,0.446058091286307,44.3,0.554863992623329,0.130244352236053,0.197095435684647,0.131166436145689,0.18118948824343,0.594568380213385,0.318622696411251,46441,0.06692242114237,0.234670355002305,0.102327837051406,"2014",2014,6
"49",6001405000,10865.35,0.671788567916411,0.156430446194226,0.0370098937339685,0.868083547086845,0.028948332722609,0.44026402640264,0.237623762376238,0.0277227722772277,0.425506905671466,41.9,0.652071701439906,0.115486335586247,0.138995004407875,0.106964443138407,0.072289156626506,0.629042904290429,0.35049504950495,60117,0.0632730732635585,0.171025565677344,0.182838283828383,"2014",2014,1
"50",6001405100,8357.091,0.949564134495641,0.207680646791309,0.023720772619451,0.943409013893595,0.0613351406302948,0.709279688513952,0.377676833225178,0.0142764438676184,0.492409402546523,45.1,0.711802154750245,0.10822722820764,0.0937806072477963,0.0404015670910872,0.100636630754163,0.883192731992213,0.554185593770279,88596,0.0681605975723623,0.0244857982370225,0.441920830629461,"2014",2014,1
"51",6001405200,13708.1,0.23804012345679,0.180176991150442,0.0952506596306069,0.80712401055409,0.0234828496042216,0.302016302016302,0.123123123123123,0.0175890175890176,0.469365184693652,36.3,0.470692324706923,0.130723291307233,0.226056182260562,0.129617341296173,0.220968812209688,0.22994422994423,0.193050193050193,40406,0.0622458554895214,0.221853572218536,0.0574860574860575,"2014",2014,6
"52",6001405301,30237.93,0.0490074441687345,0.352800953516091,0.0764242704955998,0.824455766558592,0.0217693376563224,0.212587412587413,0.16013986013986,0.0181818181818182,0.469349379465965,36,0.494546822113577,0.238811583301993,0.1481760060173,0.158330199323054,0.238435502068447,0.107692307692308,0.137762237762238,36033,0.0502645502645503,0.218503196690485,0.0335664335664336,"2014",2014,4
"53",6001405302,34738.48,0.0441919191919192,0.352466367713004,0.281739130434783,0.63304347826087,0.0130434782608696,0.192410119840213,0.100532623169108,0.0219707057256991,0.487840825350037,40.9,0.276344878408254,0.189019896831245,0.330508474576271,0.194915254237288,0.523949889462049,0.025965379494008,0.0672436750998668,26223,0.176022176022176,0.52689756816507,0.0246338215712383,"2014",2014,3
"54",6001405401,35674.02,0.225265511458916,0.300669216061185,0.334645669291339,0.487204724409449,0.0111548556430446,0.283687943262411,0.25354609929078,0.0106382978723404,0.491211840888067,34,0.208371877890842,0.217622571692877,0.357308048103608,0.282839962997225,0.458371877890842,0.117612293144208,0.0691489361702128,18684,0.154263565891473,0.582926261921377,0.0189125295508274,"2014",2014,3
"55",6001405402,25176.62,0.197194076383476,0.284595300261097,0.278642936596218,0.482758620689655,0.00945494994438265,0.307692307692308,0.342830009496676,0.0161443494776828,0.544700793078587,35.9,0.206560922855083,0.234318673395818,0.480894015861572,0.155010814708003,0.411679884643115,0.132003798670465,0.105413105413105,15125,0.206,0.707025411061285,0,"2014",2014,3
"56",6001405500,24539.78,0.302850356294537,0.33487416538264,0.266282835552357,0.573587621446564,0.0190716084922634,0.279974489795918,0.279974489795918,0.0299744897959184,0.453729812868495,34.9,0.281209946167649,0.15508843886183,0.413740066649577,0.183542681363753,0.358369648807998,0.196428571428571,0.17219387755102,22338,0.0998656515897895,0.498590105101256,0.0223214285714286,"2014",2014,3
"57",6001405600,19347.56,0.293729372937294,0.172700296735905,0.169477234401349,0.686340640809443,0.0227655986509275,0.236953455571227,0.239069111424542,0,0.517327505463628,35.9,0.270995941305027,0.261629722135498,0.391507961286294,0.109584764283484,0.308773025288792,0.254583921015515,0.170662905500705,28923,0.140191628845184,0.356852950359038,0.0282087447108604,"2014",2014,3
"58",6001405700,15941.74,0.348262032085562,0.25954738330976,0.218671152228764,0.561396131202691,0.011354079058032,0.280402788536019,0.255615801704105,0.00309837335398916,0.494058229352347,34.9,0.19845513963161,0.418894830659537,0.275995246583482,0.155377302436126,0.291740938799762,0.207591014717273,0.0426026336173509,22181,0.182186234817814,0.468484848484849,0.00774593338497289,"2014",2014,3
"59",6001405800,19580.07,0.543586109142452,0.256969696969697,0.316041500399042,0.45171588188348,0,0.439878234398782,0.357686453576865,0.0076103500761035,0.47375127420999,33.5,0.142456676860347,0.211518858307849,0.425586136595311,0.201325178389399,0.386595310907238,0.36910197869102,0.091324200913242,19628,0.13343180699163,0.476809378185525,0.00380517503805175,"2014",2014,3
"60",6001405901,21860.45,0.487266553480475,0.241042345276873,0.501327433628319,0.353097345132743,0,0.509906152241919,0.54014598540146,0,0.460471204188482,29.3,0.178534031413613,0.163089005235602,0.443717277486911,0.319895287958115,0.478795811518325,0.354535974973931,0.0771637122002086,12558,0.241230769230769,0.660892388451444,0.013555787278415,"2014",2014,5
"61",6001405902,18714.72,0.464912280701754,0.198125836680054,0.412482402627874,0.321445330830596,0.000469263256687001,0.470899470899471,0.447619047619048,0,0.513490485657484,31.5,0.225220107923885,0.12553251917069,0.414086907128657,0.337688156773644,0.471456972451008,0.281481481481481,0.0486772486772487,14791,0.107860011474469,0.546024508406954,0.0105820105820106,"2014",2014,5
"62",6001406000,3990.284,0.163924050632911,0.378105590062112,0.375,0.483050847457627,0.00635593220338983,0.329853862212944,0.207376478775226,0.0187891440501044,0.484960098219767,38.6,0.204419889502762,0.201350521792511,0.411295273173726,0.16329036218539,0.441988950276243,0.0828114126652749,0.0688935281837161,21952,0.0958164642375169,0.679864947820749,0.0368823938761308,"2014",2014,3
"63",6001406100,6889.429,0.403402187120292,0.276214833759591,0.38688,0.4896,0.01152,0.251178451178451,0.348148148148148,0.00538720538720539,0.561109977555601,31.9,0.419914303203428,0.0765149969394001,0.136094674556213,0.658028973678841,0.462354621505815,0.338720538720539,0.134680134680135,21979,0.108831073653353,0.409034653465347,0.0383838383838384,"2014",2014,5
"64",6001406201,26847.15,0.362057448229793,0.341534856473345,0.347972972972973,0.437312312312312,0.0228978978978979,0.348962336664105,0.452728670253651,0.0192159877017679,0.52387706855792,31.6,0.320094562647754,0.173286052009456,0.285342789598109,0.448699763593381,0.393617021276596,0.223674096848578,0.0499615680245965,13667,0.19854611540209,0.59909264565425,0,"2014",2014,3
"65",6001406202,29942.59,0.211336599020294,0.412342981977062,0.419047619047619,0.329100529100529,0,0.348262548262548,0.464864864864865,0,0.537494486104985,30.6,0.47198941332157,0.104764005293339,0.100132333480371,0.606969563299515,0.473092192324658,0.121235521235521,0.0154440154440154,12532,0.118811881188119,0.710295475530933,0,"2014",2014,5
"66",6001406300,23455.43,0.474693251533742,0.223262032085562,0.363349684653118,0.417659425367905,0.00245269796776454,0.403752039151713,0.531810766721044,0.00978792822185971,0.454421459422596,34.4,0.257785860422823,0.215503523528075,0.364401000227324,0.289611275289839,0.37053875880882,0.33278955954323,0.0970636215334421,14623,0.1015854374633,0.61840888066605,0.0065252854812398,"2014",2014,3
"67",6001406400,12235.83,0.511713933415536,0.20708446866485,0.204667863554758,0.623578695391981,0.00478755236385398,0.40398293029872,0.385490753911807,0.0113798008534851,0.486767895878525,41.2,0.288069414316703,0.290238611713666,0.300650759219089,0.171800433839479,0.350108459869848,0.379800853485064,0.256045519203414,25206,0.192771084337349,0.442218080149115,0.0284495021337127,"2014",2014,3
"68",6001406500,20683.64,0.463462481608632,0.303325223033252,0.365909090909091,0.404040404040404,0.00404040404040404,0.392355255761664,0.429454749859472,0.00562113546936481,0.514789915966387,33.6,0.390084033613445,0.176470588235294,0.252941176470588,0.447563025210084,0.479663865546218,0.323215289488477,0.119168071950534,17966,0.158787088359961,0.508617718028266,0.00618324901630129,"2014",2014,3
"69",6001406601,17268.89,0.529380341880342,0.229885057471264,0.202936378466558,0.510929853181077,0.00130505709624796,0.313973548016101,0.422081656124209,0,0.530378985361941,36,0.190896330459194,0.361339482654903,0.291157008221376,0.158010828153198,0.32584720272709,0.442783208740656,0.133985048878666,21528,0.197577276524645,0.475035091237217,0.0201265094882116,"2014",2014,3
"70",6001406602,16181.06,0.399598393574297,0.274538745387454,0.220708446866485,0.54550408719346,0,0.32896174863388,0.281967213114754,0.0273224043715847,0.53299884214589,38.8,0.339251254341953,0.16248552682362,0.33230412967966,0.328444615978387,0.428791972211501,0.316939890710383,0.120218579234973,22653,0.0490331491712707,0.478361669242658,0.014207650273224,"2014",2014,3
"71",6001406700,7751.227,0.817794806300553,0.144252441773103,0.125349748181309,0.769445998880806,0.0358142137660884,0.404255319148936,0.267089180624717,0.0502489814395654,0.448303234768803,44.3,0.62036118277436,0.0895018852947013,0.188727922206787,0.115499106965668,0.176225441555864,0.677229515617927,0.313263920325939,47102,0.0861654651561964,0.205241048209642,0.100950656405613,"2014",2014,6
"72",6001406800,10277.36,0.772758384668036,0.146853146853147,0.0843898573692552,0.799524564183835,0.0356576862123613,0.428887251289609,0.339719970523213,0.0272660280029477,0.429439381386357,39.8,0.453742060204363,0.167909417288042,0.254349627174814,0.169290251311792,0.212924606462303,0.678703021370671,0.312453942520265,41375,0.0697026022304833,0.137130218413049,0.11864406779661,"2014",2014,6
"73",6001406900,11455.31,0.691129546904914,0.160695468914647,0.111499611499612,0.732323232323232,0.0291375291375291,0.394319682959049,0.332892998678996,0.0290620871862616,0.48018648018648,37.2,0.454286454286454,0.239057239057239,0.204869204869205,0.156436156436156,0.216265216265216,0.558124174372523,0.288639365918098,45751,0.0857538035961272,0.273104880581516,0.0885072655217966,"2014",2014,6
"74",6001407000,17205.6,0.542442124375851,0.283307210031348,0.330488750969744,0.431342125678821,0.00465477114041893,0.338411316648531,0.415669205658324,0.0244831338411317,0.449642171408623,36.4,0.185896316983767,0.240356083086053,0.400244370745331,0.237912375632746,0.430965264444057,0.461371055495103,0.144722524483134,21250,0.116452268111036,0.554736652885134,0.0223068552774755,"2014",2014,3
"75",6001407101,27112.47,0.454463480613165,0.264069264069264,0.472164085391377,0.272917538719129,0.00418585182084554,0.328859060402685,0.420901246404602,0.0105465004793864,0.535548686244204,32.2,0.403142709943328,0.111798042246265,0.267645543534261,0.504636785162287,0.471921689850592,0.227229146692234,0.0786193672099712,13984,0.155598642753272,0.715352910870685,0.00671140939597315,"2014",2014,5
"76",6001407102,17604.57,0.723702664796634,0.187945205479452,0.355049982764564,0.446053085143054,0.0141330575663564,0.39891975308642,0.408179012345679,0.0146604938271605,0.492208370436331,34.4,0.487310774710597,0.215716829919858,0.170970614425646,0.510017809439003,0.410952804986643,0.540123456790123,0.135802469135802,18764,0.187525987525988,0.355169340463458,0.0162037037037037,"2014",2014,3
"77",6001407200,23300.46,0.383547557840617,0.322876277758195,0.461499621307751,0.305225953042161,0.00479676849280485,0.364372469635628,0.483516483516484,0,0.506140214518887,31.6,0.49308254313695,0.0747707135084719,0.139281828073993,0.736825742266439,0.527436654748951,0.204164256795836,0.0508964719491035,13132,0.141148325358852,0.673685877137429,0.0092539039907461,"2014",2014,5
"78",6001407300,2794.335,0.543640897755611,0.193165969316597,0.347826086956522,0.536613272311213,0.0263157894736842,0.531034482758621,0.431724137931034,0.00551724137931034,0.571931196247068,33.9,0.419859265050821,0.108678655199375,0.184128225175919,0.517200938232995,0.445660672400313,0.340689655172414,0.124137931034483,21720,0.0793346129238644,0.498436278342455,0.0496551724137931,"2014",2014,5
"79",6001407400,22077.4,0.541495480690222,0.234741784037559,0.500769822940724,0.309083910700539,0,0.386443661971831,0.55193661971831,0,0.53302752293578,27.8,0.340596330275229,0.154816513761468,0.104816513761468,0.701146788990826,0.408715596330275,0.261443661971831,0.039612676056338,14073,0.217189912506433,0.561351102941177,0,"2014",2014,3
"80",6001407500,19562,0.385334291876348,0.251681075888569,0.463627992633518,0.352209944751381,0.00322283609576427,0.284201954397394,0.441368078175896,0.0162866449511401,0.466934404283802,30,0.285408299866131,0.35475234270415,0.0447121820615797,0.467469879518072,0.313520749665328,0.244299674267101,0.0260586319218241,11215,0.203450754852624,0.717563507238459,0,"2014",2014,3
"81",6001407600,14650.34,0.65150852645387,0.12484237074401,0.23024948024948,0.513773388773389,0,0.352334152334152,0.356265356265356,0.0108108108108108,0.50371650821089,33.6,0.225410544511668,0.481763180639585,0.127225583405359,0.243215211754538,0.216594641313742,0.512530712530713,0.123832923832924,22926,0.117476432197244,0.446993395898505,0.02997542997543,"2014",2014,3
"82",6001407700,12328.74,0.899736147757256,0.176441102756892,0.0494710640945862,0.757934038581207,0.0115121344119477,0.411137440758294,0.293838862559242,0.0503554502369668,0.487308483878344,41.2,0.32746398353533,0.526640750057169,0.0258403841756231,0.111136519551795,0.090327006631603,0.716824644549763,0.186611374407583,33883,0.137110726643599,0.25260718424102,0.0633886255924171,"2014",2014,2
"83",6001407800,5741.874,0.777641277641278,0.263371150729335,0.125514403292181,0.705761316872428,0.0384087791495199,0.280272108843537,0.262585034013605,0.0353741496598639,0.397150164413592,28.7,0.350018268176836,0.324808184143222,0.1516258677384,0.229082937522835,0.17427840701498,0.627210884353742,0.193197278911565,25792,0.0953389830508475,0.323300467047224,0.0312925170068027,"2014",2014,2
"84",6001407900,6730.619,0.964527027027027,0.140468227424749,0.0766301761066159,0.792003807710614,0.0185625892432175,0.395285584768812,0.339981867633726,0.0362647325475975,0.467623381169058,42.4,0.477073853692685,0.165208260413021,0.154707735386769,0.0787539376968848,0.170108505425271,0.818676337262013,0.28195829555757,43799,0.0781153130812151,0.12136092599088,0.130553037171351,"2014",2014,6
"85",6001408000,3778.202,0.96455938697318,0.141691394658754,0.0570987654320988,0.842078189300412,0.0751028806584362,0.586489252814739,0.2517911975435,0.0133060388945752,0.51343604442852,42.9,0.539949838767467,0.156932998925116,0.194553923324973,0.104621999283411,0.1812970261555,0.850562947799386,0.506653019447288,69465,0.0906648757555406,0.0941224825318537,0.297850562947799,"2014",2014,6
"86",6001408100,1906.876,0.736804564907275,0.0671848972792893,0.0421294523171199,0.887973956338568,0.0574492531597089,0.618710398807305,0.209094297428252,0.00745434215430488,0.482902676775491,49.3,0.414822837691475,0.281757697663624,0.200990252204858,0.0894321522512765,0.192170818505338,0.807677972418934,0.436824450242266,59436,0.0477386934673367,0.069627108154108,0.222512113306001,"2014",2014,6
"87",6001408200,11793.12,0.644619422572179,0.137619047619048,0.149915966386555,0.707226890756303,0.0154621848739496,0.278113663845224,0.302902055622733,0.0175332527206771,0.462006819288846,38.1,0.207501217730151,0.532391622016561,0.0652703360935217,0.169995129079396,0.178275694106186,0.466142684401451,0.17956469165659,27289,0.116749174917492,0.354309500489716,0.0120918984280532,"2014",2014,3
"88",6001408300,8023.555,0.83179096352749,0.214320506575743,0.112201103617413,0.703556100551809,0.029429797670141,0.30152224824356,0.326697892271663,0.0269320843091335,0.518879932117098,38.9,0.345354263894782,0.40708527789563,0.0424268137462877,0.178829019940602,0.0982180738226559,0.673302107728337,0.212529274004684,31038,0.147781299524564,0.401569792108613,0.0275175644028103,"2014",2014,2
"89",6001408400,16876.49,0.643754619364376,0.221238938053097,0.32469512195122,0.436483739837398,0.0040650406504065,0.156106519742883,0.523415977961432,0,0.503676470588235,32,0.200509049773756,0.472285067873303,0,0.348133484162896,0.231617647058824,0.376492194674013,0.0404040404040404,13610,0.190179806362379,0.688901504399659,0.00826446280991736,"2014",2014,3
"90",6001408500,17626.72,0.666666666666667,0.141828254847645,0.315860669597565,0.380114981400068,0.00304362529590801,0.408917197452229,0.552866242038217,0.00445859872611465,0.516260162601626,26.1,0.13768115942029,0.404736656062213,0.039236479321315,0.497348886532344,0.271120537292329,0.317834394904459,0.043312101910828,13881,0.104097974564296,0.621766280107047,0.0159235668789809,"2014",2014,3
"91",6001408600,15783.19,0.742943548387097,0.110417666826692,0.360128617363344,0.395766345123258,0,0.335540838852097,0.518763796909492,0,0.460872254871636,31.5,0.289978348283328,0.379369007114135,0.0652644602536344,0.489792762140427,0.29771110423755,0.364238410596026,0.032560706401766,13606,0.189786309308222,0.665734700217459,0,"2014",2014,3
"92",6001408700,17037.47,0.655410590943975,0.179925031236985,0.323711340206186,0.41282932416953,0.0100801832760596,0.29698905109489,0.488138686131387,0,0.466263440860215,29.9,0.300672043010753,0.443951612903226,0.025,0.506586021505376,0.280645161290323,0.349908759124088,0.0693430656934307,15181,0.210475886298307,0.629205921938089,0.0114051094890511,"2014",2014,3
"93",6001408800,13292.39,0.427290836653386,0.15994094488189,0.447062332239785,0.223978526692514,0,0.293390650188071,0.564750134336378,0.00698549167114455,0.455589710402847,26.3,0.201747290082511,0.337324057595858,0.057434072156609,0.532599902928329,0.360297686458502,0.165502418054809,0.0494357872111768,11630,0.193283582089552,0.662426614481409,0,"2014",2014,3
"94",6001408900,10474.13,0.54270462633452,0.329867674858223,0.337433155080214,0.29572192513369,0,0.236068895643364,0.453900709219858,0,0.464406779661017,29.3,0.380585516178737,0.342372881355932,0.0197226502311248,0.546070878274268,0.320184899845917,0.323201621073961,0.0476190476190476,10625,0.190681003584229,0.726345083487941,0,"2014",2014,3
"95",6001409000,633.2473,0.887399463806971,0.0626304801670146,0.262075134168157,0.385062611806798,0,0.440340909090909,0.553977272727273,0,0.515729502105524,27.8,0.277929155313351,0.370076789695318,0.04830319544216,0.488976963091404,0.322021302947733,0.479166666666667,0.021780303030303,15470,0.170386499727817,0.535193564605329,0.00568181818181818,"2014",2014,3
"96",6001409100,11761.23,0.842257597684515,0.146649810366625,0.400939702427565,0.358653093187157,0,0.401006711409396,0.526845637583893,0,0.489878542510121,27.4,0.295996401259559,0.40395861448493,0.0314889788573999,0.432748538011696,0.310391363022942,0.567114093959732,0.102348993288591,13533,0.0793825799338479,0.509221772379667,0.00503355704697987,"2014",2014,3
"97",6001409200,11397,0.787064676616915,0.135261923377639,0.31584640346133,0.398053001622499,0.00648999459167117,0.441483198146002,0.427578215527231,0,0.43997485857951,29.7,0.239472030169705,0.38874921433061,0.082338152105594,0.433689503456945,0.320867379006914,0.571263035921205,0.06720741599073,15867,0.136752136752137,0.450393700787402,0,"2014",2014,3
"98",6001409300,12257.34,0.593353474320242,0.123184195235328,0.344482650828384,0.352922788371366,0,0.301661129568106,0.431893687707641,0.0053156146179402,0.493815040251325,31.5,0.333791478499902,0.27370901236992,0.0296485372079325,0.618888670724524,0.31612016493226,0.409302325581395,0.0398671096345515,14484,0.216414686825054,0.566175024582104,0.0026578073089701,"2014",2014,3
"99",6001409400,9313.605,0.612454212454212,0.111749680715198,0.346678023850085,0.313884156729131,0.0055366269165247,0.419555555555556,0.594666666666667,0.0106666666666667,0.506654835847382,26.4,0.362244897959184,0.267746228926353,0.0791925465838509,0.582519964507542,0.385980479148181,0.4,0.107555555555556,14887,0.144139387539599,0.655087953685148,0.0444444444444444,"2014",2014,3
"100",6001409500,12559.74,0.547377326565144,0.159174649963154,0.454980842911877,0.28735632183908,0.00957854406130268,0.273909006499536,0.526462395543176,0.0139275766016713,0.511954646290362,26.2,0.324870594035001,0.241064826226276,0.0273601183140251,0.60069016514666,0.333497658368252,0.247910863509749,0.0399257195914578,10858,0.179834905660377,0.715630418627694,0,"2014",2014,3
"101",6001409600,17338.68,0.649414664202095,0.155592469545958,0.424195424583172,0.28266770065917,0,0.333091962346126,0.614047791455467,0.0289645184648805,0.480615507593925,26.2,0.260791366906475,0.310951239008793,0.0167865707434053,0.634692246203038,0.362509992006395,0.291093410572049,0.0644460535843592,12860,0.175599128540305,0.6996,0,"2014",2014,3
"102",6001409700,16871.67,0.568838526912181,0.187937533656435,0.381095524382098,0.353039412157649,0.00434201736806947,0.319053708439898,0.565856777493606,0.00831202046035806,0.469441816461684,29.7,0.318637653736991,0.449385052034059,0.033112582781457,0.464711447492904,0.248817407757805,0.367647058823529,0.061381074168798,15442,0.155723158828749,0.588022813688213,0.0191815856777494,"2014",2014,3
"103",6001409800,4177.211,0.712616822429907,0.191578947368421,0.167609254498715,0.658611825192802,0.012853470437018,0.328846153846154,0.403846153846154,0,0.474194665742986,38.5,0.102182196051264,0.591271215794943,0.0665050225147212,0.174229303775546,0.153100103914098,0.608653846153846,0.152884615384615,26484,0.0819383259911894,0.311134235171696,0.0432692307692308,"2014",2014,3
"104",6001409900,1912.024,0.952941176470588,0.0772913816689467,0.0328425821064553,0.836164590411476,0.0637976594941487,0.510861423220974,0.247191011235955,0,0.484492622704005,50.4,0.341463414634146,0.459801264679313,0.0806985847636254,0.16772056609455,0.120746763023186,0.888389513108614,0.328838951310861,56968,0.13255033557047,0.129227053140097,0.126591760299625,"2014",2014,6
"105",6001410000,1244.522,0.983361064891847,0.111255692908263,0.100464330941325,0.807513718868721,0.0227944280287041,0.511607910576096,0.269131556319862,0,0.484662576687117,43.9,0.367791411042945,0.405828220858896,0.0549079754601227,0.120858895705521,0.100613496932515,0.947549441100602,0.25451418744626,40623,0.0755162241887906,0.163138231631382,0.10146173688736,"2014",2014,6
"106",6001410100,10047.35,0.761677788369876,0.203015075376884,0.164870689655172,0.571659482758621,0.00161637931034483,0.404029692470838,0.413573700954401,0.0095440084835631,0.446123521681997,32.1,0.327858081471748,0.536793692509855,0.0459921156373193,0.132720105124836,0.123521681997372,0.537645811240721,0.127253446447508,19168,0.19478527607362,0.45772787318362,0.0265111346765642,"2014",2014,3
"107",6001410200,13156.73,0.595798319327731,0.195652173913043,0.21886031265759,0.475037821482602,0.000504286434694907,0.296816479400749,0.341760299625468,0,0.456989247311828,35.5,0.339045698924731,0.473790322580645,0.00772849462365591,0.437836021505376,0.204301075268817,0.48314606741573,0.0655430711610487,22974,0.209481101857783,0.425186188219364,0.0234082397003745,"2014",2014,3
"108",6001410300,15777.43,0.580943570767808,0.090293453724605,0.456395348837209,0.251453488372093,0,0.325051759834369,0.542443064182195,0,0.53760999148453,29.4,0.331535623048538,0.286403633267102,0.0241271643485666,0.570536474595515,0.375248367868294,0.326086956521739,0.0434782608695652,14837,0.219596541786744,0.538745387453875,0.0072463768115942,"2014",2014,3
"109",6001410400,15002.39,0.846652267818574,0.176261127596439,0.25337714494341,0.504928806133625,0,0.370676691729323,0.381954887218045,0,0.462496946005375,36.6,0.275836794527242,0.419741021255803,0.124114341558759,0.41803078426582,0.255558270217444,0.68796992481203,0.126315789473684,24639,0.160161507402423,0.3536645351697,0.0315789473684211,"2014",2014,3
"110",6001410500,8352.446,0.120388349514563,0.387434554973822,0.186181818181818,0.588363636363636,0.00436363636363636,0.132,0.426,0,0.454389721627409,30.1,0.0762312633832977,0.600428265524625,0.215845824411135,0.0860813704496788,0.215845824411135,0.068,0.064,15178,0.245404411764706,0.690322580645161,0.004,"2014",2014,3
"111",6001420100,11044.83,0.885617214043035,0.387387387387387,0.0369649805447471,0.909857328145266,0.0972762645914397,0.592505854800937,0.471896955503513,0.022248243559719,0.503820033955857,40.6,0.745331069609508,0.0326825127334465,0.135398981324278,0.0764006791171477,0.17911714770798,0.659250585480094,0.423887587822014,50167,0.077414205905826,0.098471986417657,0.276346604215457,"2014",2014,1
"112",6001420200,17531.17,0.600478468899522,0.362251655629139,0.0229044834307992,0.868908382066277,0.116959064327485,0.486552567237164,0.441727791361043,0,0.489300542957522,35.3,0.562120728201852,0.0747365059086554,0.227722772277228,0.0926221654423507,0.237623762376238,0.431947840260799,0.3480032599837,40008,0.0885566417481311,0.178217821782178,0.107579462102689,"2014",2014,1
"113",6001420300,9412.896,0.428428927680798,0.256009615384615,0.0255941499085923,0.874771480804388,0.0834856794637416,0.470466321243523,0.384974093264249,0,0.45193323473484,41.3,0.419395732093809,0.0595816606803296,0.379040777519544,0.110712021973378,0.338474540460596,0.541968911917098,0.40259067357513,50108,0.0569196428571429,0.161702127659574,0.137305699481865,"2014",2014,1
"114",6001420400,8645.373,0.0787518573551263,0.510362694300518,0.0328282828282828,0.961700336700337,0.234427609427609,0.739856801909308,0.60381861575179,0.0111376292760541,0.515135135135135,29.7,0.408378378378378,0.0408108108108108,0.388108108108108,0.209459459459459,0.599459459459459,0,0.136038186157518,17760,0.0729579698651864,0.490243902439024,0.0167064439140811,"2014",2014,4
"115",6001420500,14583.42,0.629327902240326,0.295936395759717,0.08,0.831746031746032,0.0514285714285714,0.454545454545455,0.447973713033954,0.0164293537787514,0.473976109215017,39.8,0.568686006825939,0.0729522184300341,0.25042662116041,0.0520477815699659,0.28882252559727,0.481927710843373,0.462212486308872,38218,0.0982211910286156,0.239036973344798,0.0963855421686747,"2014",2014,6
"116",6001420600,9041.999,0.890224358974359,0.3101644245142,0.0287807430664574,0.935112506541078,0.0664573521716379,0.611161116111611,0.354635463546355,0,0.487300435413643,44.8,0.70899854862119,0.0391872278664731,0.152757619738752,0.111393323657475,0.167271407837446,0.706570657065707,0.539153915391539,48251,0.0768184908225697,0.136429608127721,0.142214221422142,"2014",2014,1
"117",6001421100,7323.446,0.974387527839644,0.155578300921187,0.0157384987893462,0.926150121065375,0.143462469733656,0.610129564193168,0.273262661955241,0.0223792697290931,0.473908918406072,55.9,0.766129032258065,0.0104364326375712,0.142314990512334,0.0308349146110057,0.171726755218216,0.945818610129564,0.628975265017668,76467,0.0501893939393939,0.0716318785578748,0.373380447585395,"2014",2014,1
"118",6001421200,7023.198,0.948460087994972,0.243306169965076,0.0032656023222061,0.981494920174166,0.134615384615385,0.654392764857881,0.243540051679587,0.0109819121447028,0.473583877995643,53.3,0.820806100217865,0.00217864923747277,0.112745098039216,0.0697167755991285,0.163943355119826,0.859819121447028,0.649870801033592,86013,0.0494834148994018,0.0625512155148866,0.377906976744186,"2014",2014,1
"119",6001421300,9579.251,0.844394868934746,0.337649880095923,0,0.949259375984872,0.119760479041916,0.573741007194245,0.251798561151079,0.0155875299760192,0.465428780845346,47.9,0.81602736379184,0.0312729049596873,0.0862448082091375,0.0469093574395309,0.175910090398241,0.756594724220623,0.615107913669065,65621,0.0382366171839856,0.117273393598827,0.314148681055156,"2014",2014,1
"120",6001421400,9388.264,0.975644699140401,0.244343891402715,0.0090702947845805,0.950113378684807,0.139833711262283,0.627092846270928,0.289193302891933,0.0197869101978691,0.434049970947124,51.3,0.833236490412551,0.0360255665310866,0.0865775711795468,0.073794305636258,0.15281812899477,0.866057838660578,0.649923896499239,80690,0.0523504273504274,0.084253341080767,0.343987823439878,"2014",2014,1
"121",6001421500,6175.896,0.914319248826291,0.25130890052356,0.00539083557951483,0.959231805929919,0.141509433962264,0.549216300940439,0.270219435736677,0.0137931034482759,0.476931189032428,49.9,0.846295808067493,0.0229369891906143,0.0640653836013709,0.0382283153176905,0.123648826786185,0.855799373040752,0.579310344827586,87027,0.0525540275049116,0.0643617021276596,0.334169278996865,"2014",2014,1
"122",6001421600,6818.022,0.821195973949082,0.352449888641425,0.0074178735429177,0.967855881314023,0.170964323560579,0.494596312778131,0.169103623649078,0.0197075651621106,0.476299257567105,50.9,0.821530553969161,0.0114220445459737,0.131353512278698,0.0422615648201028,0.175613934894346,0.764780673871583,0.565797838525111,78001,0.0683974038941588,0.164762992575671,0.260012714558169,"2014",2014,1
"123",6001421700,16519.77,0.256364712847839,0.530408773678963,0.0282273240496801,0.92322167858487,0.0790365073391043,0.381074168797954,0.142583120204604,0.00255754475703325,0.491803278688525,33.2,0.658196721311475,0.0333333333333333,0.207103825136612,0.139344262295082,0.323224043715847,0.374680306905371,0.466112531969309,43432,0.0701918577445016,0.254445964432285,0.117007672634271,"2014",2014,1
"124",6001421800,10835.79,0.766806722689076,0.369102682701203,0.017156862745098,0.933210784313726,0.106617647058824,0.5,0.282894736842105,0.00657894736842105,0.474445952057892,44.8,0.843962008141113,0.0126639529624604,0.0619629127091814,0.075531433740389,0.102216191768431,0.710526315789474,0.559210526315789,52318,0.0567986230636833,0.150113378684807,0.25219298245614,"2014",2014,1
"125",6001421900,11484.15,0.702014846235419,0.338263358778626,0.00825556353194544,0.968772433596554,0.0606604450825556,0.411729857819905,0.237559241706161,0.014218009478673,0.450644906554356,41.3,0.658857594103711,0.0855488286391156,0.176098973414056,0.0463279810476441,0.123716767570413,0.62914691943128,0.433056872037915,51053,0.0571679859278804,0.160454665609305,0.145734597156398,"2014",2014,1
"126",6001422000,1039.851,0.22883295194508,0.27728285077951,0.097037037037037,0.83037037037037,0.0333333333333333,0.264222503160556,0.307206068268015,0.0467762326169406,0.47452934662237,32.8,0.62015503875969,0.178294573643411,0.0653377630121816,0.176079734219269,0.143410852713178,0.257901390644753,0.211125158027813,36863,0.110687022900763,0.441471571906354,0.0847029077117573,"2014",2014,2
"127",6001422100,10746.39,0.574147501982553,0.302895322939866,0.112930547713156,0.809147374364766,0.0372670807453416,0.331780055917987,0.191985088536813,0.0363466915191053,0.482049036777583,39.7,0.689141856392294,0.0888791593695271,0.123905429071804,0.217600700525394,0.263134851138354,0.53215284249767,0.255358807082945,37194,0.0529616724738676,0.251313485113835,0.0456663560111836,"2014",2014,6
"128",6001422200,12815.13,0.503019323671498,0.392566191446029,0.0559581320450886,0.819243156199678,0.0579710144927536,0.376943005181347,0.183937823834197,0.00971502590673575,0.480083857442348,37.5,0.687032045522612,0.0607966457023061,0.151242887091944,0.109913147648997,0.20335429769392,0.446891191709845,0.27720207253886,41570,0.0567765567765568,0.260072158749248,0.0809585492227979,"2014",2014,6
"129",6001422300,17980.28,0.34668071654373,0.474173553719008,0.0311391407173827,0.855735120220733,0.0571541190382341,0.236311239193084,0.187319884726225,0.0155619596541787,0.502572016460905,30.2,0.675154320987654,0.051440329218107,0.1684670781893,0.0797325102880658,0.173611111111111,0.313544668587896,0.307780979827089,35439,0.0650329877474081,0.38940329218107,0.0703170028818444,"2014",2014,6
"130",6001422400,23227.54,0.113248797551377,0.630533719486967,0,0.967285945072698,0.153877221324717,0.209387942936033,0.0607455131155085,0.00552231937413714,0.546072684642438,27.5,0.529425556858148,0.0143024618991794,0.396483001172333,0.0703399765533411,0.385932004689332,0.0897376898297285,0.31891394385642,35727,0.0400466562986003,0.41031652989449,0.0612057063966866,"2014",2014,4
"131",6001422500,24373.34,0.177514792899408,0.581865284974093,0.0482887951242382,0.888420065635256,0.0834505391467417,0.206036745406824,0.0931758530183727,0,0.456371191135734,24.7,0.60387811634349,0.0454755309325946,0.236149584487535,0.11657433056325,0.229224376731302,0.16994750656168,0.255249343832021,32170,0.0651250589900897,0.429189857761286,0.0721784776902887,"2014",2014,6
"132",6001422600,1082.409,1,0.673575129533679,0,1,0.10377358490566,1,1,0,0.511142061281337,22.1,0.541782729805014,0.00278551532033426,0.381615598885794,0.0543175487465181,0.690807799442897,1,1,19041,0.0925925925925926,0,1,"2014",2014,10
"133",6001422700,33597.63,0.208296557811121,0.698535080956052,0.012720156555773,0.823874755381605,0.0215264187866928,0.0981012658227848,0.0822784810126582,0,0.447503917618088,21.4,0.550481307365122,0.0385045892097605,0.300425341392433,0.163868368032236,0.299977613610925,0.167721518987342,0.2457805907173,18146,0.188221007893139,0.621702127659574,0.0316455696202532,"2014",2014,4
"134",6001422800,51689.46,0.12787550744249,0.743762993762994,0.0260586319218241,0.881921824104234,0.0211726384364821,0.0936802973977695,0.0148698884758364,0.0141263940520446,0.486141770909983,20.1,0.409246995339711,0.0301692420897719,0.42653912190336,0.138704930095659,0.24037282315428,0.0141263940520446,0.0691449814126394,13848,0.205463182897862,0.732755632582322,0.00669144981412639,"2014",2014,4
"135",6001422900,21113.49,0.0085556114745848,0.694572748267898,0.0193291642978965,0.869243888573053,0.0471859010801592,0.103778605641299,0.0739755188930282,0,0.490646833446022,23.1,0.461573135001127,0.0953346855983773,0.361505521748929,0.0493576741041244,0.320261437908497,0.00212879191059074,0.160191591271953,19776,0.110630110630111,0.648851383028598,0.00638637573177222,"2014",2014,4
"136",6001423000,17897.22,0.456678700361011,0.586941340782123,0.0739268680445151,0.869634340222575,0.105458399576047,0.397687280040221,0.219708396178984,0.0135746606334842,0.513776015857284,33.7,0.669375619425173,0.0889990089197225,0.156987115956392,0.088404360753221,0.168681863230922,0.429864253393665,0.372549019607843,41537,0.0587102983638114,0.261847869374751,0.100050276520865,"2014",2014,6
"137",6001423100,13890.05,0.471670702179177,0.438461538461538,0.072192513368984,0.836229946524064,0.0347593582887701,0.297090352220521,0.201123021949974,0.00918836140888208,0.45653798256538,38.4,0.598505603985056,0.113574097135741,0.190037359900374,0.0719800747198008,0.249564134495641,0.30781010719755,0.263399693721286,33678,0.0434977578475336,0.383939774153074,0.0438999489535477,"2014",2014,2
"138",6001423200,15609.89,0.444444444444444,0.379746835443038,0.151075537768884,0.708854427213607,0.0495247623811906,0.370036101083032,0.248194945848375,0.0072202166064982,0.535779150018162,33.5,0.561569197239375,0.150381402106793,0.0606610969851072,0.358881220486742,0.257900472212132,0.325812274368231,0.243682310469314,33654,0.0884549109707065,0.362541073384447,0.0595667870036101,"2014",2014,3
"139",6001423300,14010.11,0.667600896860987,0.382613222280062,0.133522727272727,0.725142045454545,0.0500710227272727,0.40788662969809,0.288971041281577,0.0240295748613678,0.490330788804071,38.4,0.457506361323155,0.34147582697201,0.11323155216285,0.179134860050891,0.177862595419847,0.499075785582255,0.185459026494147,32456,0.10079328044797,0.235024216161101,0.0455945779420826,"2014",2014,2
"140",6001423400,17506.2,0.493186813186813,0.426269137792103,0.0677966101694915,0.746911806952025,0.0499856363114048,0.261194029850746,0.201492537313433,0.00373134328358209,0.473952213082648,36.8,0.549353701527615,0.159224441833137,0.165883274578927,0.147081864473169,0.227183705444575,0.430970149253731,0.274720149253731,37397,0.130243572395129,0.327262044653349,0.0951492537313433,"2014",2014,2
"141",6001423500,12867.6,0.362241494329553,0.460440214158239,0.0379746835443038,0.862025316455696,0.0670886075949367,0.210830324909747,0.147292418772563,0.0223826714801444,0.490494296577947,41.7,0.616920152091255,0.151457541191381,0.109632446134347,0.101077313054499,0.193916349809886,0.284476534296029,0.270758122743682,32382,0.123456790123457,0.417733990147783,0.0664259927797834,"2014",2014,2
"142",6001423601,13547.02,0.42540168324407,0.487603305785124,0.0229333333333333,0.901866666666667,0.0842666666666667,0.293423271500843,0.146711635750422,0.0075885328836425,0.501275045537341,36.4,0.799635701275046,0.00837887067395264,0.113296903460838,0.0845173041894353,0.116211293260474,0.458684654300169,0.443507588532884,41488,0.0847560975609756,0.303063861203396,0.0860033726812816,"2014",2014,1
"143",6001423602,39051.18,0.164293959215083,0.674803475382706,0.0196494954859267,0.940520446096654,0.142326075411577,0.142796610169492,0.0648305084745763,0.00593220338983051,0.52294785326534,22.3,0.437407468333607,0.0475407139332127,0.447771014969567,0.0827438723474256,0.205625925316664,0.119491525423729,0.230508474576271,26638,0.102442581115567,0.666722380076885,0.0559322033898305,"2014",2014,4
"144",6001423700,13857.56,0.368162692847125,0.541176470588235,0.0347368421052632,0.907894736842105,0.0742105263157895,0.311194029850746,0.166417910447761,0,0.409193669932178,23.3,0.716905300175835,0.0125596583772921,0.190404420999749,0.0653102235619191,0.166541070082894,0.38134328358209,0.461194029850746,39695,0.0817575083426029,0.438330170777989,0.158208955223881,"2014",2014,1
"145",6001423800,7581.27,0.76978417266187,0.307861866274798,0.02291917973462,0.902291917973462,0.141535987133092,0.601544401544402,0.224710424710425,0.0308880308880309,0.45672131147541,52.4,0.811803278688525,0.00360655737704918,0.138360655737705,0.0859016393442623,0.187213114754098,0.786872586872587,0.672586872586873,109727,0.044973544973545,0.0527868852459016,0.390733590733591,"2014",2014,1
"146",6001423901,12365.34,0.458333333333333,0.459277917716205,0.00733822548365577,0.882588392261508,0.04736490993996,0.325526932084309,0.185011709601874,0,0.554612937433722,37.8,0.668080593849417,0.190349946977731,0.0615058324496288,0.116118769883351,0.0630965005302227,0.437939110070258,0.265807962529274,40328,0.0487220447284345,0.233138608603293,0.0983606557377049,"2014",2014,6
"147",6001423902,11371.03,0.328125,0.45045045045045,0.0163934426229508,0.920491803278689,0.0770491803278689,0.319268635724332,0.161744022503516,0.0126582278481013,0.486467236467236,41.6,0.844017094017094,0.037037037037037,0.0548433048433048,0.11039886039886,0.13960113960114,0.313642756680731,0.448663853727145,52333,0.126193001060445,0.219636363636364,0.108298171589311,"2014",2014,1
"148",6001424001,20276.63,0.326750448833034,0.41147859922179,0.12609649122807,0.724049707602339,0.0402046783625731,0.262783171521036,0.310679611650485,0.0129449838187702,0.488622155538885,30.4,0.409352338084521,0.348587146786697,0.0887721930482621,0.190797699424856,0.165541385346337,0.218770226537217,0.120388349514563,23500,0.0909090909090909,0.461306532663317,0.0245954692556634,"2014",2014,3
"149",6001424002,17997.16,0.509469696969697,0.345,0.103903903903904,0.734534534534535,0.0426426426426426,0.301,0.294,0.013,0.514847161572052,40.2,0.390829694323144,0.380786026200873,0.0567685589519651,0.204803493449782,0.120524017467249,0.377,0.163,28009,0.0882352941176471,0.397284275076654,0.063,"2014",2014,2
"150",6001425101,7272.732,0.0573969280517381,0.323593073593074,0.0104456824512535,0.979108635097493,0.13091922005571,0.168411867364747,0.0357766143106457,0,0.537853851217907,54.3,0.611586570111916,0.0809743252139565,0.28439763001975,0.0138248847926267,0.332455562870309,0.554101221640489,0.357766143106457,63436,0.0404984423676012,0.227123107307439,0.0541012216404887,"2014",2014,9
"151",6001425102,9803.32,0.0130480167014614,0.384414225941423,0.0097856477166822,0.970177073625349,0.0330848089468779,0.18936678614098,0.0818399044205496,0.0173237753882915,0.486201888162672,30.9,0.414669571532317,0.124183006535948,0.396877269426289,0.0664488017429194,0.336238198983297,0.313620071684588,0.258661887694146,62822,0.0577669902912621,0.229121278140886,0.147550776583035,"2014",2014,9
"152",6001425103,8498.754,0.263157894736842,0.322042730588848,0.0428200692041522,0.853373702422145,0.0795847750865052,0.358186010760953,0.250576479631053,0.00384319754035357,0.498272287491361,34.8,0.520387007601935,0.111610228058051,0.21907394609537,0.125777470628887,0.192812715964064,0.385088393543428,0.162951575710992,49762,0.0570585341859321,0.226330338631652,0.123750960799385,"2014",2014,6
"153",6001425104,8015.998,0.149187592319055,0.369811320754717,0.0649651972157773,0.812838360402166,0.0398298530549111,0.202025586353945,0.142857142857143,0.00906183368869936,0.454354354354354,35.7,0.434834834834835,0.258258258258258,0.17957957957958,0.141141141141141,0.242642642642643,0.26865671641791,0.213219616204691,43419,0.124537037037037,0.292646172393008,0.0463752665245203,"2014",2014,4
"154",6001426100,5338.159,0.967550274223035,0.089087656529517,0.0134389248860091,0.96976241900648,0.0575953923686105,0.815865384615385,0.400480769230769,0.0100961538461538,0.461962692619627,45.2,0.739497161394972,0.00470397404703974,0.189943227899432,0.0616382806163828,0.169180859691809,0.932692307692308,0.61875,116920,0.0400407193756362,0.0752635847526359,0.594711538461538,"2014",2014,1
"155",6001426200,9167.72,0.94151708164447,0.231578947368421,0.0272983997489802,0.955757765924066,0.067775337307813,0.716426858513189,0.44484412470024,0.00599520383693046,0.485183639398998,44.6,0.747913188647746,0.00959933222036728,0.170283806343907,0.0588480801335559,0.129173622704508,0.827937649880096,0.529976019184652,82334,0.0530514559234144,0.0740507656807216,0.476618705035971,"2014",2014,1
"156",6001427100,9009.212,0.801899592944369,0.272373540856031,0.0489858400306162,0.783390738614619,0.0145426712590892,0.595362752430815,0.354525056095737,0.00598354525056096,0.430053266049902,43.9,0.721895149985983,0.0538267451640034,0.132324081861508,0.0880291561536305,0.151668068404822,0.718773373223635,0.451009723261032,47731,0.0181818181818182,0.112185120093732,0.160807778608826,"2014",2014,1
"157",6001427200,8217.973,0.59965034965035,0.228197674418605,0.114032205060795,0.731843575418994,0.0180742688136707,0.431747992588017,0.350833848054355,0.0228536133415689,0.491111637828869,39.1,0.489215453899028,0.0538042190092439,0.208106186300071,0.211187485186063,0.232993600379237,0.415071031500927,0.221124150710315,35264,0.0869001297016861,0.319366626065773,0.0975911056207536,"2014",2014,6
"158",6001427300,6378.539,0.561704211557297,0.21996215704825,0.182473335255117,0.661862208129144,0.0181608532718363,0.370550161812298,0.324163969795038,0,0.498856311083385,42.1,0.400499064254523,0.116032439176544,0.349552921605323,0.122270742358079,0.290704928259513,0.419093851132686,0.270226537216828,34718,0.1208539839878,0.362936772046589,0.114886731391586,"2014",2014,6
"159",6001427600,24630.62,0.196504237288136,0.246469833119384,0.19988137603796,0.6429418742586,0.00385527876631079,0.356156819436775,0.390392048591938,0.0171176145775814,0.495399603103013,30.4,0.266101389139455,0.198087678152625,0.401046364784413,0.136388237416561,0.386613747068375,0.154610712313639,0.112092766427388,20083,0.137918352335417,0.582716940285044,0.0242959690778575,"2014",2014,3
"160",6001427700,12204.7,0.431780366056572,0.242966751918159,0.0972521551724138,0.752693965517241,0.0191271551724138,0.430385288966725,0.214973730297723,0.0227670753064799,0.520492673603738,39.6,0.528137608834147,0.0874920365258017,0.233807602463368,0.0855808027181992,0.236992992142705,0.345008756567426,0.251313485113835,42063,0.072678331090175,0.276184406203527,0.0792469352014011,"2014",2014,6
"161",6001427800,15103.96,0.536778398510242,0.144504227517294,0.026536312849162,0.829608938547486,0.0399441340782123,0.378012048192771,0.326807228915663,0.0491967871485944,0.468949865896431,40.3,0.649061275015474,0.0909841138848772,0.16711367856406,0.153084382092016,0.258716731999175,0.418674698795181,0.344377510040161,51416,0.0852156057494867,0.243862182793481,0.0903614457831325,"2014",2014,6
"162",6001427900,15250.29,0.305851063829787,0.209011737978039,0.104764280369169,0.803691693689199,0.0164629583437266,0.437727272727273,0.207727272727273,0.00590909090909091,0.479316731837827,41.8,0.61185429100638,0.047746449886808,0.221033134389792,0.129862111545586,0.234616176167936,0.352727272727273,0.310909090909091,45046,0.0874149659863946,0.126775056596007,0.0913636363636364,"2014",2014,6
"163",6001428000,16694.73,0.207955338450803,0.295743504698729,0.116346955796497,0.715596330275229,0.0100083402835696,0.383592017738359,0.24390243902439,0.00517368810051737,0.455001475361464,33.2,0.389200354086751,0.045441133077604,0.428149896724698,0.172027146650929,0.367660076718796,0.201773835920177,0.224685883222469,33883,0.110842207163601,0.338842975206612,0.0569105691056911,"2014",2014,4
"164",6001428100,12933.86,0.645588235294118,0.194421988682296,0.0851308599367271,0.781995973540408,0.0388265746333046,0.509560723514212,0.369509043927649,0.00568475452196382,0.533507223113965,40,0.633828250401284,0.0220706260032103,0.192215088282504,0.160112359550562,0.187800963081862,0.536950904392765,0.315762273901809,41176,0.0999646767926528,0.146067415730337,0.11421188630491,"2014",2014,1
"165",6001428200,12711.21,0.627038782167452,0.218397997496871,0.0858140012317799,0.808252925477315,0.04064873742558,0.48314606741573,0.300833635375136,0.0134106560347952,0.475863099686146,42.2,0.562696159019579,0.0663577940517113,0.279928261844268,0.130025407263488,0.191451203108653,0.546937296121783,0.32113084450888,48431,0.0832875206157229,0.166043939620386,0.163102573396158,"2014",2014,1
"166",6001428301,3416.57,0.974727838258165,0.186217948717949,0.0614272809394761,0.800361336946703,0.0295844625112918,0.604066985645933,0.368819776714514,0.00558213716108453,0.461501288659794,43.2,0.408988402061856,0.0215850515463918,0.489368556701031,0.0351159793814433,0.318782216494845,0.790271132376396,0.401116427432217,53069,0.0444718962322421,0.0997100515463918,0.134768740031898,"2014",2014,1
"167",6001428302,8088.884,0.939240506329114,0.159937888198758,0.0208495713172253,0.886009353078722,0.0541699142634451,0.673168936326831,0.268310636731689,0.00883327199116673,0.47794959908362,51.1,0.455183276059565,0.027205040091638,0.437571592210767,0.0393757159221077,0.247136311569301,0.831063673168936,0.528892160471108,59518,0.0722543352601156,0.0645902109946892,0.232609495767391,"2014",2014,1
"168",6001428400,14266.25,0.231891348088531,0.223605150214592,0.105653912050257,0.734437464306111,0.028269560251285,0.400971397733405,0.269832703723691,0.00215866162978953,0.457902835788085,39.6,0.545834249285557,0.0679270169267971,0.270169267970983,0.158936029896681,0.262695097823698,0.305450620615219,0.270912034538586,34900,0.0977358490566038,0.233655888600425,0.0415542363734485,"2014",2014,6
"169",6001428500,14539.9,0.197830248883216,0.164410058027079,0.0523700305810398,0.805045871559633,0.0420489296636086,0.449633088725817,0.311541027351568,0.0240160106737825,0.484144960362401,40.1,0.441392978482446,0.0580407701019253,0.336636466591166,0.160532276330691,0.360135900339751,0.315543695797198,0.152768512341561,36094,0.0947309417040359,0.218155197657394,0.0820547031354236,"2014",2014,6
"170",6001428600,8539.095,0.351400730816078,0.1875,0.0550883095037847,0.783010933557611,0.0252312867956266,0.358345021037868,0.180224403927069,0.00561009817671809,0.472922973427514,47.8,0.427177934746048,0.1029263370333,0.377060208543559,0.0605449041372351,0.363269424823411,0.534361851332398,0.298036465638149,43120,0.0771663504111322,0.192590003495281,0.0154277699859748,"2014",2014,6
"171",6001428700,1303.475,0.536684782608696,0.22980719124544,0.10291519434629,0.734098939929329,0.0132508833922261,0.517931609674729,0.501251042535446,0.00834028356964137,0.494102564102564,34.1,0.33025641025641,0.153076923076923,0.375384615384615,0.114871794871795,0.241794871794872,0.400333611342786,0.221017514595496,35884,0.110984632896984,0.378575434660684,0.186822351959967,"2014",2014,6
"172",6001430101,685.5923,0.973570190641248,0.125795695665353,0.0407809110629067,0.831453362255965,0.0405639913232104,0.725402504472272,0.42262969588551,0.00626118067978533,0.5355871886121,41.2,0.412663107947805,0.044632265717675,0.472123368920522,0.0588671411625148,0.32488137603796,0.837209302325581,0.371645796064401,50784,0.0776859504132231,0.145314353499407,0.194991055456172,"2014",2014,1
"173",6001430102,72.26443,0.945295404814004,0.218522372528616,0.0193434935521688,0.858147713950762,0.0234466588511137,0.664383561643836,0.287671232876712,0.00570776255707763,0.518691588785047,51.6,0.636915887850467,0.0542056074766355,0.231308411214953,0.100467289719626,0.233177570093458,0.900684931506849,0.407534246575342,56948,0.0271535580524345,0.038785046728972,0.213470319634703,"2014",2014,6
"174",6001430200,3285.79,0.987002437043054,0.1171875,0.034639746634996,0.732185273159145,0.0190023752969121,0.741301678264429,0.319688907081457,0,0.509835823103091,47.3,0.728886259429079,0.0133116402898979,0.182813193314598,0.130749889069664,0.175269930483656,0.910356119525174,0.345476872697503,49634,0.0666666666666667,0.0582437275985663,0.18174375767499,"2014",2014,6
"175",6001430300,3299.747,0.981684981684982,0.093687707641196,0.0688836104513064,0.647268408551069,0.0241488519398258,0.652310101801096,0.371182458888019,0.00548159749412686,0.48080487159121,46.3,0.601800370664549,0.195128408790045,0.112787926926132,0.0974318241990998,0.145088694731268,0.806577916992952,0.436961628817541,37612,0.0870574579222287,0.254964257347101,0.103367267032106,"2014",2014,6
"176",6001430400,2343.722,0.984147952443857,0.0643224699828473,0.0792870313460357,0.736939151813153,0.0135218192993239,0.585106382978723,0.277925531914894,0.00398936170212766,0.474154135338346,47,0.651315789473684,0.0277255639097744,0.206296992481203,0.182800751879699,0.210996240601504,0.856382978723404,0.450797872340426,46142,0.0513643659711075,0.118421052631579,0.167553191489362,"2014",2014,6
"177",6001430500,6198.43,0.708972570897257,0.0804380664652568,0.127485380116959,0.571695906432749,0,0.56345957011259,0.335209825997953,0,0.535296942532416,38.1,0.532095405794782,0.135264927165039,0.164719065151273,0.303665759564591,0.306547142628462,0.592118730808598,0.212384851586489,25813,0.106584093872229,0.345359019264448,0.0706243602865916,"2014",2014,6
"178",6001430600,6693.373,0.92724807953005,0.103064066852368,0.0724233983286908,0.729805013927577,0.0143918291550604,0.626605504587156,0.324311926605505,0.00458715596330275,0.487504279356385,46.4,0.568469702156796,0.0290996234166381,0.291680931187949,0.15405682985279,0.187264635398836,0.882110091743119,0.373394495412844,45626,0.073760200878845,0.0949170124481328,0.186697247706422,"2014",2014,6
"179",6001430700,7441.183,0.895818048422597,0.0517045454545455,0.0730293663060278,0.701700154559505,0.0239567233384853,0.560431100846805,0.393379522709777,0.0069284064665127,0.448157894736842,41.3,0.739473684210526,0.0215789473684211,0.165,0.129736842105263,0.161578947368421,0.739799846035412,0.271747498075443,37789,0.0790629575402635,0.156406869220608,0.110854503464203,"2014",2014,6
"180",6001430800,8637.218,0.748874887488749,0.0618448637316562,0.0707648320228735,0.651417679294734,0.00357398141529664,0.569339622641509,0.386792452830189,0,0.488460899883779,38.4,0.661132326083347,0.0169350821849577,0.230449941889424,0.222314461231944,0.224804914494438,0.602830188679245,0.222169811320755,33615,0.0462409562755584,0.275342924054868,0.0844339622641509,"2014",2014,6
"181",6001430900,11502.63,0.313603322949117,0.126806526806527,0.0670866141732284,0.674015748031496,0.0173228346456693,0.284940411700975,0.437703141928494,0.00541711809317443,0.469609856262834,34.4,0.561190965092403,0.14435318275154,0.133264887063655,0.263655030800821,0.251129363449692,0.238353196099675,0.131094257854821,27216,0.0764655904842821,0.331276595744681,0.0211267605633803,"2014",2014,3
"182",6001431000,7795.487,0.461853978671042,0.18125,0.20396452790819,0.497130933750652,0.00365153886280647,0.440325497287523,0.394213381555154,0,0.442548746518106,35,0.696030640668524,0.0132311977715877,0.181754874651811,0.325905292479109,0.306058495821727,0.295660036166365,0.0913200723327306,25649,0.0764790764790765,0.32625348189415,0.011754068716094,"2014",2014,5
"183",6001431100,8126.329,0.411807055435565,0.152369526094781,0.0984215413184772,0.628597957288765,0.0120705663881151,0.258823529411765,0.239705882352941,0.00661764705882353,0.439364461738003,32.2,0.586575875486381,0.107652399481193,0.112516212710765,0.326523994811933,0.152399481193256,0.206617647058824,0.116911764705882,29700,0.139188495120699,0.386835278858625,0.0279411764705882,"2014",2014,3
"184",6001431200,7127.377,0.47583081570997,0.120067170445004,0.0943348507840162,0.696509863429439,0.00278199291856348,0.366442421844084,0.260387811634349,0,0.426105717367853,39.1,0.679252067601582,0.0573534699748292,0.164149586479684,0.26195613088817,0.201725997842503,0.586861891571033,0.214087851206965,29564,0.192923898531375,0.381326511967842,0.0150375939849624,"2014",2014,6
"185",6001432100,8972.012,0.854,0.202709014479215,0.0591828942344406,0.818633066055746,0.055364642993509,0.538666666666667,0.378,0.012,0.490353697749196,42.2,0.489281886387996,0.184351554126474,0.132100750267953,0.211146838156484,0.154608788853162,0.742666666666667,0.354,47369,0.0404929577464789,0.186495176848875,0.146666666666667,"2014",2014,6
"186",6001432200,10131.63,0.629671574178935,0.127127659574468,0.133610245759778,0.546555901696089,0.00761509172724126,0.424682395644283,0.268602540834846,0.0205686630369026,0.469662921348315,43.3,0.565043695380774,0.164294631710362,0.0998751560549313,0.310112359550562,0.249438202247191,0.462189957652753,0.272232304900181,32865,0.0709459459459459,0.279716742539201,0.0387174833635814,"2014",2014,6
"187",6001432300,11376.34,0.779056386651323,0.171082173327346,0.141963727329581,0.616010006253909,0.0128205128205128,0.525061124694376,0.353300733496333,0,0.480921052631579,38.4,0.392982456140351,0.103289473684211,0.312061403508772,0.365789473684211,0.333771929824561,0.654034229828851,0.243887530562347,32559,0.099395313681028,0.196043956043956,0.0727383863080685,"2014",2014,6
"188",6001432400,2300.61,0.731246627091203,0.101270849880858,0.196969696969697,0.468633705475811,0.00026581605528974,0.501402131239484,0.389231632080763,0,0.518188177684505,37.6,0.474816369359916,0.131864288212662,0.286463798530955,0.305526407834907,0.359391395592865,0.437464946719013,0.156477846326416,22757,0.154530477759473,0.378488166725539,0.0235558048233315,"2014",2014,3
"189",6001432501,9508.972,0.818181818181818,0.107059373539037,0.231306371835903,0.407041024148967,0.0125109106779168,0.529490616621984,0.487935656836461,0.00536193029490617,0.504693429199121,38.8,0.399640503295386,0.0377471539844218,0.441182344717396,0.309966047533453,0.465747952865988,0.57372654155496,0.215817694369973,21931,0.127848590189262,0.335068054443555,0.0120643431635389,"2014",2014,5
"190",6001432502,14558.2,0.728304405874499,0.175465057817999,0.208333333333333,0.536895674300254,0.00286259541984733,0.532710280373832,0.450600801068091,0,0.506617487524409,39.4,0.333261011065307,0.143848991104361,0.380993707962682,0.287264048600564,0.399869819917553,0.513351134846462,0.138851802403204,24861,0.130111524163569,0.311261163145284,0.0393858477970628,"2014",2014,3
"191",6001432600,11777.92,0.329883138564274,0.172169167803547,0.139153143070323,0.632904308897594,0.00279798545047566,0.386557610241821,0.347083926031294,0.00497866287339972,0.436530880420499,38.2,0.364914586070959,0.152562417871222,0.244940867279895,0.320630749014455,0.307884362680683,0.29302987197724,0.187055476529161,25690,0.0870906502135738,0.355847992480193,0.0184921763869132,"2014",2014,3
"192",6001432700,7817.418,0.761772853185596,0.129209083790133,0.168900804289544,0.649329758713137,0.0187667560321716,0.52642073778664,0.327018943170489,0.00598205383848455,0.479808076769292,44.7,0.673330667732907,0.0515793682526989,0.169132347061176,0.241903238704518,0.235905637744902,0.678963110667996,0.305084745762712,41830,0.0448529411764706,0.190323870451819,0.113659022931206,"2014",2014,6
"193",6001432800,2165.162,0.884615384615385,0.0546932742054693,0.0807291666666667,0.671875,0.0134548611111111,0.51131221719457,0.268476621417798,0.0120663650075415,0.486442339104868,48.3,0.613198301208755,0.0666448872917347,0.248938255472068,0.23391048676903,0.207448546226723,0.769984917043741,0.386877828054299,45202,0.0662116040955631,0.158829332456429,0.132730015082956,"2014",2014,6
"194",6001433000,7017.331,0.945392491467577,0.115907746895328,0.172737514081863,0.557266241081487,0.0123920390536988,0.556158017041053,0.308288148721921,0.0069713400464756,0.533742331288344,43.4,0.560791968767429,0.0920245398773006,0.230340211935304,0.258226436140547,0.315950920245399,0.736638264910922,0.328427575522851,30957,0.0948453608247423,0.209704406023424,0.0232378001549187,"2014",2014,6
"195",6001433102,6751.966,0.747482014388489,0.14797507788162,0.251360174102285,0.601741022850925,0.00290170475154153,0.514992503748126,0.309595202398801,0.0104947526236882,0.502944325481799,40.4,0.388918629550321,0.0604925053533191,0.465203426124197,0.273822269807281,0.510974304068523,0.629685157421289,0.190404797601199,28768,0.0604395604395604,0.201820128479657,0.0262368815592204,"2014",2014,6
"196",6001433103,16557.45,0.358827278521351,0.225090579710145,0.324946081955428,0.397915168943206,0,0.329691516709512,0.302056555269923,0,0.454401448291469,32,0.482914686580674,0.185336048879837,0.159764652636343,0.483819868748586,0.431771894093686,0.170951156812339,0.0803341902313625,21613,0.0970951054516514,0.403258655804481,0,"2014",2014,3
"197",6001433104,9672.088,0.337809917355372,0.190836298932384,0.135968092820885,0.649746192893401,0.0105148658448151,0.288841430859584,0.253069941270689,0,0.466954753431622,36.1,0.432384341637011,0.189628876461617,0.186324351804779,0.298932384341637,0.268174885612608,0.271222637479979,0.138814735718099,28995,0.0747624948368443,0.355323484462557,0.0213561131873999,"2014",2014,3
"198",6001433200,5789.52,0.42485754985755,0.119630071599045,0.16481209321856,0.558471551543145,0,0.411742566804667,0.321791494166353,0.0143018441851712,0.472875863040721,38.5,0.360293081583768,0.177398900944061,0.380865154290545,0.20684796392842,0.34817528533183,0.398946179902145,0.107263831388784,26790,0.0906329113924051,0.384593437945792,0.0429055325555137,"2014",2014,3
"199",6001433300,7450.666,0.950022311468095,0.0850238663484487,0.166183174471612,0.492125984251969,0.0049730625777041,0.608656849620705,0.338688085676037,0,0.524773499433749,42.7,0.423272933182333,0.0661098527746319,0.428652321630804,0.251415628539071,0.340458663646659,0.776439089692102,0.236501561802767,27430,0.0719542109566639,0.268195978476352,0.07095046854083,"2014",2014,6
"200",6001433400,3018.704,0.788963774220725,0.0708829819737244,0.16601866251944,0.626555209953344,0.020800933125972,0.56258064516129,0.191827956989247,0.0219354838709677,0.52327221438646,45.6,0.304184297132111,0.0882306848456355,0.51857075693465,0.150446638457922,0.474847202632816,0.806881720430108,0.240430107526882,36235,0.102150537634409,0.215640181789688,0.0520430107526882,"2014",2014,5
"201",6001433500,10042.62,0.967719298245614,0.121598639455782,0.175182481751825,0.427737226277372,0,0.617066290550071,0.400564174894217,0.00423131170662906,0.498329156223893,42,0.443400167084378,0.0298663324979114,0.302422723475355,0.389515455304929,0.326023391812865,0.83638928067701,0.307475317348378,29018,0.100217076700434,0.18909318846636,0.0705218617771509,"2014",2014,5
"202",6001433600,9872.096,0.612057063966866,0.147609942638623,0.250783699059561,0.461486789072996,0,0.427314814814815,0.346296296296296,0,0.554226872612523,41.5,0.351270553064275,0.0489951835243315,0.446935724962631,0.197807673143996,0.433814980900183,0.537962962962963,0.137962962962963,26154,0.117000646412411,0.308749580958766,0.0194444444444444,"2014",2014,5
"203",6001433700,6565.556,0.620169651272385,0.0855263157894737,0.149622166246851,0.537027707808564,0.0171284634760705,0.42064264849075,0.390457643622201,0.00584225900681597,0.482025164769323,32.7,0.572198921509886,0.127022168963451,0.126722588376273,0.507489514679449,0.324445775913721,0.327166504381694,0.109055501460565,22934,0.113597246127367,0.342642642642643,0.0632911392405063,"2014",2014,6
"204",6001433800,13012.08,0.618576322801675,0.1984,0.154391492713667,0.56124458448208,0.00630169358014966,0.491974317817014,0.479935794542536,0,0.456602835115643,33,0.462447152449639,0.141009699079831,0.316712260631684,0.361104202934593,0.339840835613032,0.403691813804173,0.112359550561798,21206,0.0937759336099585,0.359068472345273,0.0409309791332263,"2014",2014,3
"205",6001433900,21798.99,0.28258221680877,0.138425746413338,0.294026377036462,0.382208430307732,0,0.206503378378378,0.474662162162162,0,0.453870779976717,27.6,0.482683352735739,0.295401629802095,0.0714493597206054,0.479336437718277,0.339348079161816,0.238597972972973,0.0506756756756757,15113,0.176597715344242,0.638613861386139,0,"2014",2014,3
"206",6001434000,11418.98,0.548318206086492,0.163654618473896,0.30856781536516,0.381283591527031,0,0.359910162829871,0.466591802358226,0.0117911285794497,0.451382358472823,32.5,0.468309196915554,0.18487869099116,0.137295467368817,0.506864773368441,0.318412638706037,0.291409320606401,0.0437956204379562,18259,0.162591687041565,0.409798708697303,0.00336889387984278,"2014",2014,3
"207",6001435102,3144.661,0.7526545908807,0.170571311138512,0.0568394753279201,0.752029981261711,0.023735165521549,0.609625668449198,0.296791443850267,0.0100267379679144,0.43776493256262,32.9,0.483429672447014,0.105009633911368,0.212909441233141,0.175337186897881,0.278227360308285,0.754010695187166,0.339572192513369,36486,0.0836417468541821,0.219331742243437,0.15307486631016,"2014",2014,6
"208",6001435103,327.2901,0.960651289009498,0.0699342498505678,0.066173269481933,0.812146277753592,0.0272094035698737,0.734806629834254,0.429097605893186,0.0170349907918969,0.497617949900108,41.9,0.357307514983864,0.0817581066543722,0.473182726294759,0.0935915168280314,0.34562778546181,0.907918968692449,0.369705340699816,60764,0.0450831220061989,0.0490362374710871,0.402854511970534,"2014",2014,1
"209",6001435104,1938.605,0.253637245392823,0.114058355437666,0.153032036613272,0.58895881006865,0.0348970251716247,0.351324337831084,0.386806596701649,0.0134932533733133,0.464804469273743,33.4,0.367783985102421,0.116201117318436,0.272998137802607,0.332029795158287,0.363687150837989,0.218890554722639,0.119940029985007,24135,0.100235452404978,0.346082089552239,0.0219890054972514,"2014",2014,6
"210",6001435200,5180.94,0.962251201098147,0.0498547918683446,0.083308179897374,0.69604587986719,0.00573498339873227,0.528153955808981,0.306486101211689,0.00498930862437634,0.498786675490845,40.1,0.468784469446283,0.270681667769689,0.125965144495919,0.252812706816678,0.213986322523715,0.768353528153956,0.223093371347113,31587,0.153135048231511,0.177083333333333,0.0399144689950107,"2014",2014,6
"211",6001435300,8410.521,0.554449648711944,0.0894020130254588,0.15878616796048,0.647847565278758,0.0225829216654905,0.314754098360656,0.333770491803279,0.0183606557377049,0.368936678614098,39.5,0.478853046594982,0.232019115890084,0.114934289127838,0.329510155316607,0.250179211469534,0.383606557377049,0.131803278688525,26207,0.21131221719457,0.381109979633401,0.0183606557377049,"2014",2014,3
"212",6001435400,8490.69,0.408133971291866,0.177585273416351,0.187213114754098,0.609180327868852,0.00426229508196721,0.293370165745856,0.280662983425414,0,0.443985307621671,35.2,0.568181818181818,0.205234159779614,0.13613406795225,0.361340679522498,0.262855831037649,0.285635359116022,0.193370165745856,29268,0.111353711790393,0.337391711542964,0.0121546961325967,"2014",2014,3
"213",6001435500,8537.53,0.5249653259362,0.119160460392688,0.237768240343348,0.456223175965665,0.0055793991416309,0.288,0.292,0,0.473479172909799,40.5,0.59214863649985,0.0584357207072221,0.145639796224153,0.458795325142343,0.362601138747378,0.3296,0.1512,23321,0.152354570637119,0.385435709932968,0.02,"2014",2014,3
"214",6001435601,14435.37,0.66686674669868,0.0792864222001982,0.332773109243697,0.371764705882353,0,0.35741935483871,0.527741935483871,0.0032258064516129,0.501328273244782,29.3,0.542884250474383,0.0611005692599621,0.0428842504743833,0.604743833017078,0.340417457305503,0.301290322580645,0.087741935483871,20075,0.13991935483871,0.606905969566914,0.0303225806451613,"2014",2014,3
"215",6001435602,12631.81,0.82258064516129,0.107379134860051,0.210328133405056,0.403442711135019,0.0137170521785906,0.362299465240642,0.440508021390374,0,0.505378271782001,37.3,0.617963427751882,0.0656149157404087,0.116887773395482,0.506812477590534,0.316780207959842,0.446524064171123,0.115641711229947,20292,0.174190970834998,0.509581395348837,0.0160427807486631,"2014",2014,3
"216",6001435700,8616.318,0.805177111716621,0.0623376623376623,0.172245693857654,0.500812479688008,0,0.548158640226629,0.364730878186969,0,0.460893221491725,38.7,0.480389934255271,0.0856948537746543,0.156653819995466,0.446837451824983,0.240761732033552,0.769830028328612,0.145892351274788,26619,0.136938508504143,0.227386080253911,0.0276203966005666,"2014",2014,5
"217",6001435800,10368.88,0.933649289099526,0.112463281577843,0.200636098595282,0.512854492446329,0,0.540407156076496,0.334361505243677,0,0.454823889739663,43.9,0.558767228177642,0.0216309341500766,0.28885911179173,0.351071975497703,0.357388973966309,0.763726095003085,0.198025909932141,26946,0.139905149051491,0.22635330379503,0.0431832202344232,"2014",2014,5
"218",6001435900,5967.613,0.974329054842474,0.0670705322371268,0.198682766190999,0.532656421514819,0,0.594827586206897,0.410098522167488,0,0.45662347012239,41,0.505579553635709,0.0926925845932325,0.230021598272138,0.260979121670266,0.294276457883369,0.733374384236453,0.302339901477833,26885,0.119850187265918,0.267895878524946,0.0277093596059113,"2014",2014,5
"219",6001436000,8825.487,0.986403806934058,0.0861904761904762,0.146049222797927,0.545336787564767,0.00744818652849741,0.54688618468146,0.348604151753758,0.0121689334287759,0.503460593882563,37.3,0.569323509711989,0.0328198258539853,0.198481803974101,0.377762893503014,0.273721812904666,0.823908375089477,0.200429491768074,28465,0.0979469632164243,0.216566197812012,0.0293486041517538,"2014",2014,6
"220",6001436100,12542.62,0.726332970620239,0.160484759456482,0.185914156983638,0.468816694332464,0.00711406212947593,0.505228398458998,0.413318657127133,0,0.497021839841165,41.4,0.442918596955658,0.0478160158835209,0.294837855724686,0.409662475181999,0.42356055592323,0.576224545954871,0.157952669235003,24803,0.144970414201183,0.231634679020516,0.0319207484865162,"2014",2014,5
"221",6001436200,16504.37,0.455871066768995,0.0944558521560575,0.305340399510803,0.359559722788422,0,0.428801287208367,0.47787610619469,0.00482703137570394,0.494278061845629,30.8,0.474555636717799,0.162405648892135,0.0628195763330898,0.61772583394205,0.348916484051619,0.13515687851971,0.0241351568785197,16415,0.132241076653013,0.502526528549773,0,"2014",2014,3
"222",6001436300,10569.92,0.653549695740365,0.214532871972318,0.26720888712557,0.460424518944654,0.00456258678833565,0.36167565325591,0.428452924097885,0.0116134384072999,0.485347250100361,32.8,0.392211963067041,0.162317676970427,0.187341094607253,0.521611133413622,0.360497792051385,0.378681045209457,0.0613853172957279,22327,0.155778894472362,0.359362334504188,0.0298631273330568,"2014",2014,3
"223",6001436401,6489.513,0.616343944863801,0.0985477178423236,0.122997606334008,0.610568955993371,0.0125207144172344,0.412374821173104,0.353361945636624,0.00393419170243205,0.494941733896786,33.2,0.539249583813548,0.144448713023435,0.145473171981048,0.329491612242285,0.213599692662313,0.435979971387697,0.164163090128755,31650,0.112310063862585,0.30025641025641,0.0668812589413448,"2014",2014,6
"224",6001436402,1665.397,0.967022308438409,0.067479674796748,0.0603190428713858,0.778664007976072,0.0129611166500499,0.66025641025641,0.320512820512821,0.00961538461538462,0.491791317037578,45.4,0.536665450565487,0.169646114556731,0.0959503830718716,0.253192265596498,0.163079168186793,0.94017094017094,0.408119658119658,47780,0.0646108663729809,0.119021540708288,0.224358974358974,"2014",2014,6
"225",6001436500,6133.958,0.282777777777778,0.152534343912838,0.163922942206655,0.61646234676007,0.00280210157618214,0.272467086433887,0.341156267887808,0.00400686891814539,0.452821869488536,28.9,0.364197530864198,0.18805114638448,0.195987654320988,0.372795414462081,0.382275132275132,0.214081282198054,0.112192329708071,24396,0.154394299287411,0.424603174603175,0.0372066399542072,"2014",2014,3
"226",6001436601,14840.49,0.641067538126362,0.100359712230216,0.284913217623498,0.448064085447263,0,0.462669683257919,0.490950226244344,0.00565610859728507,0.517274626385987,30.4,0.407359794311425,0.126787722963201,0.103808452514864,0.598103808452515,0.380845251486421,0.427601809954751,0.0961538461538462,20459,0.125154894671623,0.405017921146953,0.0316742081447964,"2014",2014,5
"227",6001436602,15511.12,0.295823665893271,0.164157179581344,0.221318617484752,0.568980540226547,0.00813244263723497,0.344444444444444,0.416959064327485,0.00935672514619883,0.513842124953236,32.5,0.343808454919566,0.206509539842873,0.207070707070707,0.443883277216611,0.394126449682005,0.25906432748538,0.068421052631579,24415,0.0819458047665687,0.395809951365507,0.0596491228070175,"2014",2014,3
"228",6001436700,11939.82,0.772140221402214,0.0802540415704388,0.192895497728211,0.562577447335812,0.00578273440726972,0.485714285714286,0.430612244897959,0.00714285714285714,0.486141304347826,36.1,0.297282608695652,0.0994565217391304,0.30054347826087,0.501902173913043,0.442391304347826,0.554081632653061,0.144897959183673,22589,0.125599232981783,0.33179096352749,0.0255102040816327,"2014",2014,5
"229",6001436800,10477.51,0.540298507462687,0.203197524497163,0.157455683003128,0.597844977407021,0.00278067431352103,0.491590214067278,0.331039755351682,0.00840978593272171,0.469864995178399,32.8,0.35655737704918,0.159836065573771,0.202989392478303,0.374397299903568,0.403085824493732,0.50611620795107,0.220948012232416,24013,0.131509267431598,0.419479267116683,0.0313455657492355,"2014",2014,3
"230",6001436900,14112.69,0.641870350690754,0.12175717744725,0.298947368421053,0.411578947368421,0.00289473684210526,0.542161856253537,0.54442558007923,0.0101867572156197,0.496426942374943,30.5,0.470731336475597,0.0360346662612133,0.13805686483199,0.644214687547514,0.43439258020374,0.412563667232598,0.0837577815506508,20191,0.136376769719734,0.446121018137479,0.0373514431239389,"2014",2014,5
"231",6001437000,5173.161,0.760064412238325,0.105298913043478,0.144851657940663,0.608638743455497,0.00305410122164049,0.538587848932677,0.321018062397373,0,0.516341923318667,42.6,0.467630421118793,0.188874921433061,0.198302954116908,0.291326209930861,0.299182903834067,0.745484400656814,0.221674876847291,30128,0.160361377752682,0.249606051055783,0.0566502463054187,"2014",2014,6
"232",6001437101,333.0855,0.893840761141713,0.0506955177743431,0.141595033428844,0.704393505253104,0.0176695319961796,0.670538542766631,0.403907074973601,0,0.504058570746459,38.1,0.289352220276938,0.0488620085946204,0.539392010186217,0.178417953207067,0.390896068756963,0.933474128827878,0.234952481520591,36215,0.0668934240362812,0.101703008117141,0.155227032734952,"2014",2014,6
"233",6001437102,12604.52,0.569951757408684,0.109994977398292,0.15685595567867,0.654778393351801,0.0162742382271468,0.564048124557679,0.353149327671621,0,0.469532357109117,35.4,0.281766650921115,0.12588568729334,0.357581483230987,0.333726972130373,0.423948984411904,0.53998584571833,0.137296532200991,26004,0.186919660880097,0.272555503070383,0.0438782731776362,"2014",2014,3
"234",6001437200,7561.304,0.563682219419924,0.0895713371721049,0.115512195121951,0.637463414634146,0.0115121951219512,0.486153846153846,0.405714285714286,0.00307692307692308,0.470635559131134,36.7,0.328372217752749,0.135693215339233,0.345937248592116,0.289755966747117,0.33065164923572,0.534505494505495,0.184175824175824,28986,0.123613740870976,0.292799562781801,0.087032967032967,"2014",2014,3
"235",6001437300,8359.593,0.643243243243243,0.0826210826210826,0.190098085007006,0.537132181223727,0.00747314339093881,0.553513513513514,0.490810810810811,0,0.460522365655959,34.1,0.330831582107475,0.151906334434104,0.23836685679976,0.33233263284299,0.344641248874212,0.536216216216216,0.143783783783784,24125,0.16500877706261,0.398852657004831,0.065945945945946,"2014",2014,3
"236",6001437400,9595.626,0.963322545846818,0.0819672131147541,0.215568862275449,0.421004145555044,0.000921234454168586,0.645422943221321,0.368482039397451,0.00115874855156431,0.482585503608409,37.8,0.481957954188892,0.0128647631000941,0.203639786633197,0.519297144650141,0.3476623784123,0.800695249130939,0.186558516801854,24151,0.170802077322562,0.355820520866018,0.0243337195828505,"2014",2014,5
"237",6001437500,18169.39,0.352591333899745,0.0580060422960725,0.346867749419954,0.348027842227378,0,0.549258936355711,0.579773321708806,0.01743679163034,0.514401440144014,29.6,0.459045904590459,0.0524302430243024,0.131638163816382,0.612286228622862,0.4000900090009,0.207497820401046,0.0723626852659111,15079,0.145268542199488,0.533610533610534,0.00697471665213601,"2014",2014,5
"238",6001437600,12512.75,0.697198275862069,0.0711994868505452,0.391320754716981,0.324905660377358,0.00452830188679245,0.439732142857143,0.446428571428571,0,0.537022997220116,34.8,0.462218852666161,0.0957796310336113,0.160980540813748,0.507960576194086,0.479656305281779,0.513392857142857,0.143973214285714,18498,0.179735234215886,0.445779914529915,0.0212053571428571,"2014",2014,5
"239",6001437701,20501.41,0.272811059907834,0.142504626773597,0.321273516642547,0.339122045344911,0.00144717800289436,0.376199616122841,0.575815738963532,0.00671785028790787,0.510438413361169,27.6,0.388830897703549,0.0978601252609603,0.105427974947808,0.58794363256785,0.382567849686848,0.200575815738964,0.0297504798464491,14216,0.12906610703043,0.577316881071147,0.00671785028790787,"2014",2014,5
"240",6001437702,34950.28,0.223345588235294,0.127042698998419,0.446249033255994,0.273395204949729,0.00270688321732405,0.483506126295947,0.709707822808671,0,0.508078994614004,25.6,0.492918412128466,0.071015360063834,0.0773987632156393,0.723518850987433,0.475962497506483,0.0857681432610745,0.0263901979264844,12736,0.174042553191489,0.734390888753305,0.0131950989632422,"2014",2014,5
"241",6001437800,9304.343,0.882310469314079,0.0773892773892774,0.20224348399868,0.477730122071923,0.00494886176179479,0.655897821187077,0.468820435762585,0.0473328324567994,0.495528898582334,33.3,0.241003271537623,0.10948745910578,0.248854961832061,0.426608505997819,0.442748091603053,0.766341096919609,0.135236664162284,25670,0.118228404099561,0.149671772428884,0.0262960180315552,"2014",2014,5
"242",6001437900,8554.984,0.512784090909091,0.074280408542247,0.225361819434872,0.443142660234321,0.00482425913163336,0.42,0.307142857142857,0,0.521348314606742,33,0.364943820224719,0.126292134831461,0.133033707865169,0.603595505617977,0.44,0.414285714285714,0.0714285714285714,21358,0.15632183908046,0.390561797752809,0.0142857142857143,"2014",2014,5
"243",6001438000,3535.612,0.809180918091809,0.10282131661442,0.146637744034707,0.641214750542299,0.0130151843817787,0.51569933396765,0.363463368220742,0,0.511944360447536,38.2,0.592682189295434,0.00665255518596916,0.202902933172059,0.388267311762927,0.346235258542486,0.708848715509039,0.215033301617507,28838,0.113390928725702,0.2230039767513,0.0475737392959087,"2014",2014,5
"244",6001438100,9369.974,0.887465690759378,0.0898942420681551,0.181152045593324,0.496030938326888,0.00569916547934053,0.640304907098618,0.435445450214388,0.0114340161981896,0.504751411651288,35.6,0.378047100950282,0.116099710783639,0.268007161547996,0.36179589588211,0.389891199559289,0.797522629823726,0.154835636017151,28846,0.139346338991639,0.220533370181014,0.0795616960457361,"2014",2014,3
"245",6001438201,13265.94,0.620408163265306,0.0934403020292591,0.2578125,0.397280092592593,0,0.544987146529563,0.403598971722365,0,0.529481364622363,37.1,0.446657464011043,0.0678367185959377,0.216919739696312,0.547623742851509,0.456320252415697,0.794344473007712,0.124250214224507,18870,0.142074363992172,0.419246696903964,0.00856898029134533,"2014",2014,5
"246",6001438203,2149.627,0.649507948523846,0.0927835051546392,0.256078307546574,0.475528891695611,0.00631512472371329,0.551261829652997,0.258675078864353,0.0197160883280757,0.477189781021898,43.4,0.222855839416058,0.0901003649635037,0.460994525547445,0.225136861313869,0.401459854014599,0.748422712933754,0.243690851735016,29240,0.11849710982659,0.261405109489051,0.130914826498423,"2014",2014,5
"247",6001438204,9278.326,0.491742141715503,0.099618320610687,0.165208697825544,0.57985503624094,0.00324918770307423,0.598895027624309,0.253591160220994,0.0248618784530387,0.487823154739603,44.4,0.361558636193331,0.0768077931809667,0.429748969651555,0.236792806294492,0.469089546646684,0.823204419889503,0.241436464088398,29302,0.108338804990151,0.252303064485806,0.0535911602209945,"2014",2014,6
"248",6001438300,12505.24,0.980624327233585,0.086046511627907,0.240992794235388,0.427542033626902,0,0.686252771618625,0.523281596452328,0,0.549479796757803,32.6,0.326881200096782,0.0992015485119768,0.334865714977014,0.435035083474474,0.483184127752238,0.710643015521064,0.137472283813747,20196,0.105466860183841,0.391504854368932,0.0443458980044346,"2014",2014,5
"249",6001438400,3720.396,0.748251748251748,0.0362976406533575,0.217310087173101,0.598381070983811,0,0.636879432624114,0.428368794326241,0,0.50767366720517,39,0.403473344103393,0.12843295638126,0.32108239095315,0.307754442649435,0.362681744749596,0.828368794326241,0.208510638297872,26955,0.0869218500797448,0.228998384491115,0.0468085106382979,"2014",2014,5
"250",6001440100,233.5993,0.459888059701493,0.0912738214643932,0.123093108890058,0.597580220936349,0.00789058390320884,0.48696558915537,0.245046923879041,0.00521376433785193,0.488613663603676,40.9,0.412704754294846,0.045145825009988,0.388733519776268,0.204954055133839,0.337994406711946,0.553701772679875,0.171011470281543,32548,0.0826952526799387,0.212208111429742,0.0417101147028154,"2014",2014,6
"251",6001440200,13769.23,0.882936507936508,0.0687910976226606,0.25,0.311241610738255,0.00167785234899329,0.573421926910299,0.561461794019934,0,0.510134587319604,30.3,0.240473487919572,0.0309712988487109,0.149505432138803,0.744770552943084,0.355764553267391,0.487043189368771,0.109634551495017,19119,0.0573913043478261,0.395543175487465,0.0445182724252492,"2014",2014,5
"252",6001440301,4157.748,0.654810761513908,0.0774797786292039,0.167217858619264,0.552914427449359,0.0066143034311699,0.656680932001902,0.377080361388493,0,0.490247452692868,39.2,0.314410480349345,0.088646288209607,0.354585152838428,0.319941775836972,0.40334788937409,0.731811697574893,0.242986210175939,26085,0.120388349514563,0.318897637795276,0.0280551592962435,"2014",2014,3
"253",6001440304,13513.17,0.779622641509434,0.10099573257468,0.159449970743125,0.608835576360445,0.00292568753657109,0.758224942616679,0.46442234123948,0,0.499020759890325,36,0.153349001175088,0.045045045045045,0.622405013709362,0.147277712495104,0.459851155503329,0.578423871461362,0.165263963274675,26764,0.115066522833513,0.247989013144987,0.0543228768171385,"2014",2014,6
"254",6001440305,11213.25,0.940384615384615,0.0655509065550907,0.0834718989025607,0.605254406385101,0.00099767209843698,0.592857142857143,0.413265306122449,0,0.492786069651741,41.2,0.197761194029851,0.082089552238806,0.502238805970149,0.158955223880597,0.427860696517413,0.819387755102041,0.258163265306122,28541,0.109264853977845,0.163827655310621,0.0846938775510204,"2014",2014,6
"255",6001440306,15112.72,0.906133828996282,0.0762656147271532,0.165456629728697,0.609094382881162,0,0.617853560682046,0.569709127382146,0.0100300902708124,0.485002541942044,37.2,0.137010676156584,0.054397559735638,0.639806812404677,0.0838840874428063,0.545246568378241,0.662988966900702,0.203610832497492,27682,0.13946587537092,0.267666497203864,0.082246740220662,"2014",2014,6
"256",6001440307,7438.905,0.514580801944107,0.0963101938711695,0.114520721290731,0.534957291996204,0.00949066751028156,0.454185893210283,0.230059327620303,0,0.478949975235265,49.5,0.383853392768697,0.0492818226844973,0.488608221892026,0.173353145121347,0.438583457157008,0.698088332234674,0.214238628872775,27956,0.0933871781928319,0.295183714001986,0.0652603823335531,"2014",2014,6
"257",6001440308,7812.918,0.6,0.132360604481501,0.13720517372559,0.552371290895257,0.016738523966523,0.568085106382979,0.350531914893617,0.00372340425531915,0.448759439050701,36.5,0.233189500179791,0.0472851492268968,0.443545487234808,0.319129809421072,0.496763754045307,0.503723404255319,0.172340425531915,28912,0.0429942418426104,0.286100108030248,0.0627659574468085,"2014",2014,6
"258",6001440331,5041.535,0.648846960167715,0.0893760539629005,0.146176594845796,0.528939585973807,0.00591465990705534,0.559912854030501,0.555555555555556,0.00544662309368192,0.493230174081238,36,0.157778391820945,0.058027079303675,0.596849958552086,0.174910196186792,0.531914893617021,0.462962962962963,0.124183006535948,23622,0.118572927597062,0.330478032605692,0.0849673202614379,"2014",2014,5
"259",6001440332,3746.172,1,0.0711436170212766,0.0716320716320716,0.767195767195767,0.0337810337810338,0.870601589103292,0.580022701475596,0.00794551645856981,0.512201963534362,39,0.110799438990182,0.0143057503506311,0.712201963534362,0.0844319775596073,0.523702664796634,0.87627695800227,0.389330306469921,46034,0.0842050209205021,0.0664796633941094,0.35527809307605,"2014",2014,10
"260",6001440333,2897.992,0.932530120481928,0.056782334384858,0.100874935666495,0.673700463201235,0.00617601646937725,0.605398457583548,0.42159383033419,0,0.447883315546069,38.8,0.177872643187478,0.0793311988616151,0.63891853432942,0.0846673781572394,0.534329420135183,0.83547557840617,0.284061696658098,36036,0.0549656464709556,0.124461979913917,0.152956298200514,"2014",2014,10
"261",6001440334,11209.33,0.973271889400922,0.100973236009732,0.12539283469516,0.651791326209931,0.00691389063482087,0.686440677966102,0.412429378531073,0,0.521768554026619,41.1,0.166027520866231,0.0446650124069479,0.582675389127002,0.171667042634785,0.512294157455448,0.867231638418079,0.278719397363465,27211,0.0719613865730584,0.196932100157907,0.0734463276836158,"2014",2014,6
"262",6001440335,8710.379,0.600447427293065,0.157640565712315,0.0703743315508021,0.718716577540107,0.0299465240641711,0.677132146204311,0.460637300843486,0.0121836925960637,0.501927639383155,32.9,0.183125741399763,0.0149762752075919,0.616844602609727,0.0934163701067616,0.549377224199288,0.555295220243674,0.2427366447985,42332,0.0721835524619747,0.111654804270463,0.134957825679475,"2014",2014,10
"263",6001440336,11242.02,0.669132481506389,0.164256198347107,0.179376350725533,0.593701759802408,0.00524853349799321,0.534410112359551,0.412921348314607,0,0.486982845610494,36.9,0.239757820383451,0.118062563067608,0.491624621594349,0.190716448032291,0.404439959636731,0.587780898876405,0.229634831460674,24164,0.10384012539185,0.311538461538462,0.0414325842696629,"2014",2014,5
"264",6001441100,709.7563,0.730769230769231,0.05463474524248,0.0680851063829787,0.628805237315876,0.0527004909983633,0.537564766839378,0.303756476683938,0,0.523603082851638,44.7,0.46868978805395,0.0192678227360308,0.319845857418112,0.227360308285164,0.264450867052023,0.774611398963731,0.270077720207254,41801,0.0939325842696629,0.139352306182532,0.14119170984456,"2014",2014,6
"265",6001441200,5910.96,0.776896942242356,0.0959264126149803,0.0786226114649682,0.73765923566879,0.0173168789808917,0.6,0.457314629258517,0,0.467693971343606,37.4,0.451203027845364,0.0642065423087321,0.374290348742904,0.1338199513382,0.300216274668829,0.659318637274549,0.316633266533066,42065,0.08284625158831,0.155320016306563,0.12625250501002,"2014",2014,6
"266",6001441301,2518.857,0.557201646090535,0.0992957746478873,0.0283062645011601,0.860324825986079,0.0352668213457077,0.555837563451777,0.407783417935702,0,0.48517015298158,35.8,0.293162660006244,0.0995941305026538,0.516078676241024,0.0896034967218233,0.402123009678426,0.494077834179357,0.297800338409475,53066,0.0647158131682611,0.140805494848579,0.219966159052453,"2014",2014,6
"267",6001441302,7057.106,0.883595018949648,0.0768543342269884,0.0921187308085978,0.730296827021494,0.0324974411463664,0.670224719101124,0.374157303370787,0,0.480772769089236,40,0.390616375344986,0.036982520699172,0.426126954921803,0.124195032198712,0.408463661453542,0.756179775280899,0.275842696629213,42445,0.0727859447830764,0.1081876724931,0.162359550561798,"2014",2014,6
"268",6001441401,10059.45,0.853720050441362,0.0738810545677498,0.105190719622493,0.716869838773103,0.0141565080613449,0.596469104665826,0.416141235813367,0.00546448087431694,0.506543075245365,37,0.299890948745911,0.0391221374045802,0.492911668484188,0.113685932388222,0.440294438386041,0.708280790248003,0.262295081967213,40167,0.0533196616252243,0.191216960352423,0.110130306851618,"2014",2014,10
"269",6001441402,8285.241,0.873563218390805,0.121300339640951,0.0804945054945055,0.707967032967033,0.0126373626373626,0.723786698621929,0.445775913720791,0,0.501051826353031,38.4,0.290877796901893,0.0242876266972653,0.535475234270415,0.143048384012239,0.428188946261235,0.750748951467945,0.311563810665069,41370,0.0797773654916512,0.150315547905909,0.165368484122229,"2014",2014,10
"270",6001441501,6544.552,0.966520307354555,0.048,0.0794701986754967,0.784988962472406,0.0141280353200883,0.79967069154775,0.50384193194292,0.00329308452250274,0.520126639529625,37.2,0.101763907734057,0.0823156942559928,0.718528569274838,0.0627167194331373,0.435549525101764,0.815038419319429,0.247530186608123,38634,0.0717758078352874,0.140057289311021,0.181119648737651,"2014",2014,10
"271",6001441503,206.3595,0.819533961328706,0.0435289545277886,0.0453471894189891,0.889702409069438,0.0363722248464809,0.767911200807265,0.572149344096872,0,0.508504778875749,35.7,0.0728981046492791,0.0281872671310546,0.827312489875263,0.0142556293536368,0.551919650089098,0.781029263370333,0.377901109989909,51395,0.0606155778894472,0.0766240077757978,0.243188698284561,"2014",2014,10
"272",6001441521,9347.486,0.899408284023669,0.120344962759702,0.0720154664088932,0.757612373127115,0.0500241662638956,0.757491675915649,0.536071032186459,0,0.510610724121173,37.6,0.198768832010368,0.0421189049084724,0.686700145796209,0.0477887574923052,0.482585452778228,0.761931187569367,0.413984461709212,39657,0.042933249764964,0.0881828497325336,0.201997780244173,"2014",2014,10
"273",6001441522,10213.81,0.975234270414993,0.0755508919202518,0.0892193308550186,0.657134686874464,0.0211609951386903,0.655030800821355,0.445585215605749,0,0.485359705254993,37.1,0.271475664145821,0.0552646887725422,0.543726973046345,0.128563118091914,0.432615861935234,0.774127310061602,0.32580424366872,38656,0.058411214953271,0.154547217374442,0.120465434633812,"2014",2014,10
"274",6001441523,22204.55,0.713890808569454,0.0425659472422062,0.0692640692640693,0.806637806637807,0.0490620490620491,0.774015203870076,0.474084312370422,0,0.516467065868264,37,0.126497005988024,0.0434131736526946,0.727544910179641,0.0404191616766467,0.582085828343313,0.525224602626123,0.263994471319972,39272,0.0870406189555126,0.117764471057884,0.107809260539046,"2014",2014,10
"275",6001441524,6681.545,0.730909090909091,0.0758241758241758,0.0499265785609398,0.899412628487518,0.0216593245227606,0.845973416731822,0.734167318217357,0,0.504381918819188,34.1,0.0795664206642066,0.0435885608856089,0.826337638376384,0.0445110701107011,0.592250922509225,0.575449569976544,0.339327599687256,46051,0.0777568331762488,0.0904059040590406,0.288506645817045,"2014",2014,10
"276",6001441601,9654.991,0.95728813559322,0.058316430020284,0.118496240601504,0.574736842105263,0.0234586466165414,0.641626464507236,0.415575465196416,0,0.493457943925234,39.5,0.418899273104881,0.0396677050882658,0.33478712357217,0.183385254413292,0.33748701973001,0.79117849758787,0.330806340454859,34477,0.0847058823529412,0.181269510926119,0.121984838042729,"2014",2014,6
"277",6001441602,12134.08,0.63919259882254,0.109304084720121,0.207079646017699,0.526057030481809,0.00806293018682399,0.619005328596803,0.513321492007105,0,0.487693478812484,36.3,0.252981476782543,0.0685105303222532,0.377569144887084,0.267952296371479,0.397487947221517,0.537744227353464,0.140763765541741,27657,0.0595392182241781,0.282031746031746,0.0355239786856128,"2014",2014,5
"278",6001441700,8859.596,0.613768115942029,0.11841155234657,0.149834437086093,0.559395695364238,0.0149006622516556,0.519570222563315,0.371834228702993,0.0115118956254797,0.559517566858941,33.8,0.343995804929208,0.0684320922915574,0.316072364971159,0.321840587309911,0.356318825380178,0.539907904834996,0.128933231005372,33340,0.118600281822452,0.272979032045365,0.107444359171144,"2014",2014,3
"279",6001441800,8967.663,0.74037674037674,0.162814763711625,0.0878962536023055,0.698641416220667,0.0547550432276657,0.663804207814513,0.414770287677115,0.0064405324173465,0.499363057324841,36.5,0.386270346779901,0.0137296532200991,0.434961075725407,0.155980184005662,0.339419674451522,0.637612709317304,0.309574924860455,38418,0.0659694288012872,0.148917995444191,0.136539287247746,"2014",2014,6
"280",6001441921,11750.87,0.436825885978428,0.122828784119107,0.136695906432749,0.699195906432749,0.0171783625730994,0.611675126903553,0.373096446700508,0.0186125211505922,0.508849557522124,34.7,0.306871421134826,0.0468505986465383,0.424518479958355,0.278500780843311,0.389120249869859,0.305414551607445,0.166666666666667,34710,0.113490364025696,0.150234741784038,0.0363790186125212,"2014",2014,6
"281",6001441923,9371.732,0.102401449932034,0.349017272185825,0.0802047781569966,0.726962457337884,0.0165772793759142,0.499025341130604,0.384502923976608,0,0.443323550990462,33.2,0.221386647101981,0.049523110785033,0.628943506969919,0.0966617754952311,0.623624358033749,0.0433723196881092,0.160331384015595,30239,0.0921052631578947,0.376021798365123,0.0321637426900585,"2014",2014,4
"282",6001441924,8623.564,0.686274509803922,0.181203733504989,0.0826254826254826,0.761583011583012,0.0158301158301158,0.583400483481064,0.405721192586624,0,0.488314544954633,36,0.414627440197965,0.00481165795985703,0.467280725872972,0.137613417651911,0.472092383832829,0.553182917002417,0.252618855761483,41519,0.124407582938389,0.206901292273852,0.152699435938759,"2014",2014,6
"283",6001441925,5210.449,0.22554820744866,0.215162000629129,0.0395833333333333,0.888541666666667,0.055625,0.603087100330761,0.298052186696068,0,0.504137702747435,31.8,0.222442899702085,0.0302879841112214,0.592353525322741,0.103277060575968,0.557431314134393,0.214994487320838,0.220507166482911,58337,0.0697901415324549,0.0612312811980033,0.165747886806321,"2014",2014,9
"284",6001441926,26743.31,0.251537935748462,0.173154362416107,0.157299270072993,0.575547445255474,0.00656934306569343,0.547287899860918,0.532684283727399,0,0.482938388625592,30.4,0.224170616113744,0.0476303317535545,0.378909952606635,0.370379146919431,0.478672985781991,0.134909596662031,0.0737134909596662,28458,0.0394328754984493,0.275118483412322,0.0104311543810848,"2014",2014,5
"285",6001441927,16959.01,0.380228136882129,0.264612954186414,0.039906103286385,0.865191146881288,0.0335345405767941,0.489143546441496,0.425814234016888,0,0.528776133427296,32.7,0.143763213530655,0.0669485553206483,0.661498708010336,0.0723514211886305,0.564951844021611,0.254523522316043,0.17913148371532,38613,0.0903471231573942,0.142588677472398,0.0856453558504222,"2014",2014,4
"286",6001442000,1028.001,1,0.0993566833452466,0.0350797266514806,0.860136674259681,0.0469248291571754,0.827925270403147,0.506391347099312,0,0.51146931184129,47.6,0.245195288282703,0.00123992560446373,0.685368877867328,0.0176689398636082,0.459082455052697,0.975417895771878,0.56047197640118,59175,0.0853080568720379,0.0610663360198388,0.40117994100295,"2014",2014,10
"287",6001442100,7078.986,0.937720329024677,0.0555282555282555,0.0372093023255814,0.850581395348837,0.0494186046511628,0.812144212523719,0.509803921568627,0,0.503608660785886,42.8,0.203287890938252,0.0070168404170008,0.74037690457097,0.0356856455493184,0.5014033680834,0.846932321315623,0.480708412397217,52037,0.0365058670143416,0.103849238171612,0.301075268817204,"2014",2014,10
"288",6001442200,4125.411,0.953103448275862,0.105979381443299,0.0415845918144014,0.798643029109214,0.0606259575399431,0.72110435189518,0.468881609733271,0,0.50940017905103,42.9,0.2408236347359,0.00671441360787824,0.690987764846315,0.0292450014920919,0.425992241122053,0.841834347215723,0.444080486663547,49163,0.0514079895219384,0.0589202931060266,0.273748245203556,"2014",2014,10
"289",6001442301,8250.026,0.69715043074884,0.0856230031948882,0.0490035935968638,0.672329304148971,0.0336491342698465,0.641958041958042,0.477622377622378,0,0.516695957820738,38.4,0.302504393673111,0.0694200351493849,0.494288224956063,0.154437609841828,0.483743409490334,0.576223776223776,0.2,29564,0.0774278215223097,0.245606326889279,0.0664335664335664,"2014",2014,6
"290",6001442302,14593.03,0.452558139534884,0.120327700972862,0.1226318484383,0.667434715821813,0.0230414746543779,0.486,0.378,0.006,0.479542941393292,35.9,0.300036859565057,0.0786951713969775,0.481201621820863,0.130482860302248,0.435311463324733,0.402,0.194,35488,0.117543859649123,0.282344268337634,0.127,"2014",2014,6
"291",6001442400,11367.27,0.85828743114672,0.10423197492163,0.16933684850943,0.555059825593186,0.0190630703711215,0.670278637770898,0.407636738906089,0.00825593395252838,0.484525694544408,35.4,0.36188282711962,0.0407370087807687,0.339714984885562,0.315100043184108,0.424643731106953,0.670278637770898,0.200722394220846,32530,0.0764314247669774,0.229091434349271,0.108875128998968,"2014",2014,6
"292",6001442500,10062.25,0.786222222222222,0.176710608913999,0.119675456389452,0.643739627512447,0.00497879402544717,0.554847519344561,0.451979972690032,0,0.4926451273969,40.4,0.365379563961124,0.0651431573417389,0.412529550827423,0.151562910428159,0.443525085369057,0.622667273554848,0.2407828857533,27183,0.0812182741116751,0.194266211604096,0.0245789713245335,"2014",2014,5
"293",6001442601,7904.251,0.827084927314461,0.119944211994421,0.051201260338716,0.756597085466719,0.0480504135486412,0.569242540168324,0.399387911247131,0,0.476150859678314,43.7,0.465335551858014,0.036051026067665,0.326955074875208,0.165280088740987,0.295618413754853,0.685539403213466,0.297628156082632,44249,0.0628825820812465,0.0559265442404007,0.107115531752104,"2014",2014,6
"294",6001442602,9674.166,0.632745878339966,0.0981132075471698,0.138387484957882,0.515342960288809,0.0400120336943442,0.593939393939394,0.380606060606061,0,0.484165651644336,40.4,0.421640276086074,0.0515631343889566,0.319935038570849,0.213763702801462,0.37088915956151,0.523636363636364,0.269090909090909,38990,0.0797642436149312,0.455136012992286,0.184242424242424,"2014",2014,6
"295",6001442700,6676.482,0.840782122905028,0.0874635568513119,0.0532843362425356,0.782728525493799,0.0114836931557189,0.665391969407266,0.334608030592734,0,0.528616352201258,40.5,0.557861635220126,0.00974842767295597,0.30062893081761,0.226729559748428,0.24559748427673,0.763862332695985,0.291586998087954,40415,0.028452874925904,0.0687143761874604,0.150095602294455,"2014",2014,6
"296",6001442800,6364.244,0.965263157894737,0.0588235294117647,0.122171945701357,0.590497737556561,0.0108597285067873,0.609182530795073,0.408734602463606,0.00447928331466965,0.505567928730512,38.8,0.479796372892141,0.0432707604199809,0.32739420935412,0.237671014953866,0.316576519249125,0.743561030235162,0.266517357222844,31481,0.10264483627204,0.280218018595704,0.083986562150056,"2014",2014,6
"297",6001442900,9753.016,0.881188118811881,0.0599933708982433,0.0800885772282709,0.658608599372578,0.00811957925816571,0.613904678618277,0.429383471797114,0.014866637516397,0.475567525971528,36.1,0.384635116070283,0.0445042965243042,0.344876234449147,0.182762601000385,0.321020905476465,0.710537822474858,0.275470048097945,36014,0.0476763785215507,0.128576928012319,0.105815478793179,"2014",2014,6
"298",6001443001,10067.08,0.981884057971015,0.0574433656957929,0.0955284552845529,0.523373983739837,0.00254065040650406,0.66304347826087,0.510869565217391,0.00241545893719807,0.497991967871486,36.3,0.39190093708166,0.0177376171352075,0.272088353413655,0.3714859437751,0.384538152610442,0.785024154589372,0.158212560386473,27080,0.0567915690866511,0.201952204644901,0.0483091787439614,"2014",2014,5
"299",6001443002,10092.44,0.793675479523069,0.0149524241051201,0.102362204724409,0.594869189738379,0.0200660401320803,0.636859323882225,0.426935659760087,0,0.492042871062033,36.8,0.315199740175382,0.00259824618382592,0.458752841831764,0.254465735628451,0.427573887625853,0.761723009814613,0.224100327153762,28199,0.101449275362319,0.194326703619172,0.0872410032715376,"2014",2014,6
"300",6001443102,5572.458,0.992073976221929,0.0714285714285714,0.0364192382541006,0.865721434528774,0.0442035029190992,0.851063829787234,0.498670212765957,0,0.527496099843994,42.4,0.190132605304212,0.0031201248049922,0.714508580343214,0.0692277691107644,0.520085803432137,0.876329787234043,0.500664893617021,49282,0.0756372753865441,0.0717628705148206,0.254654255319149,"2014",2014,10
"301",6001443103,668.4208,0.980456026058632,0.037037037037037,0.0576657458563536,0.901933701657459,0.0652624309392265,0.806130903065452,0.482187241093621,0,0.462921348314607,45.9,0.0971285892634207,0.0222222222222222,0.833458177278402,0.00923845193508115,0.591260923845193,0.932891466445733,0.603148301574151,73335,0.0713507625272331,0.119101123595506,0.566694283347142,"2014",2014,10
"302",6001443104,7992.146,0.786348501664817,0.0798910576486609,0.0481194690265487,0.86587389380531,0.055033185840708,0.763219741480611,0.609870740305523,0,0.504649938585717,39,0.189155992279347,0.00947534655202667,0.73223372521495,0.062818038252325,0.504298999824531,0.652173913043478,0.343713278495887,39555,0.11651179413867,0.101596771363397,0.157461809635723,"2014",2014,10
"303",6001443105,3431.943,1,0.0717344753747323,0.025178632187819,0.925144607009187,0.0370874447090847,0.865079365079365,0.555555555555556,0,0.484174311926605,44.2,0.163302752293578,0.0178899082568807,0.769724770642202,0,0.523623853211009,0.953102453102453,0.561327561327561,54562,0.0711974110032362,0.0706422018348624,0.354978354978355,"2014",2014,10
"304",6001443200,668.6437,1,0.0426008968609865,0.0224806201550388,0.884883720930233,0.0635658914728682,0.837622005323869,0.400177462289264,0.0141969831410825,0.504826802952868,45.7,0.201590005678592,0.00283929585462805,0.684838160136286,0.0295286768881317,0.489210675752413,0.918367346938776,0.498669032830523,73660,0.0690010298661174,0.0445769449176604,0.519964507542147,"2014",2014,10
"305",6001443301,6727.288,0.99593165174939,0.029585798816568,0.0495626822157434,0.843294460641399,0.0295189504373178,0.816309719934102,0.570840197693575,0.00411861614497529,0.458433445458914,39.9,0.254925516578568,0.0281114848630466,0.620615088899568,0.04925516578568,0.43320518981259,0.911861614497529,0.395387149917628,48083,0.0457198443579767,0.0959534771020111,0.290774299835255,"2014",2014,10
"306",6001443321,14455.23,0.475120385232745,0.0528,0.0796999531176746,0.80309423347398,0.0539146741678387,0.557921635434412,0.458262350936968,0,0.46048,36.6,0.19328,0.02688,0.74624,0.04864,0.59424,0.487223168654174,0.281090289608177,41553,0.0658938377059182,0.15552,0.104770017035775,"2014",2014,6
"307",6001443322,7495.149,0.957068062827225,0.019434628975265,0.0624145785876993,0.796810933940775,0.0469248291571754,0.794594594594595,0.608648648648649,0,0.467950647005718,40.1,0.247667770087271,0.0237736984652423,0.643996388805296,0.0364128799277761,0.434848028889558,0.825945945945946,0.356756756756757,39520,0.0614091790562379,0.0653024375564249,0.193513513513514,"2014",2014,10
"308",6001444100,6608.93,0.956213017751479,0.069431643625192,0.0871617940802615,0.648265843471945,0.0157980751770474,0.646448523543496,0.31364724660814,0.00598563447725459,0.475729442970822,42.1,0.530503978779841,0.013395225464191,0.235676392572944,0.258222811671088,0.272281167108753,0.842378292098963,0.273743016759777,37983,0.0753105590062112,0.167201283079391,0.11292897047087,"2014",2014,6
"309",6001444200,8163.91,0.922545633941786,0.0376766091051805,0.139609693330474,0.536135535063264,0.00621917220673386,0.655172413793103,0.418356997971602,0,0.464132434089516,38,0.376609442060086,0.045677498467198,0.261649294911098,0.36020846106683,0.328326180257511,0.81237322515213,0.216024340770791,30929,0.0619444444444444,0.118703931203931,0.0547667342799189,"2014",2014,6
"310",6001444301,3920.474,0.82943143812709,0.0581793292265571,0.0706563706563707,0.67027027027027,0.0200772200772201,0.701662292213473,0.391951006124234,0,0.510512820512821,38.2,0.417179487179487,0.0243589743589744,0.294102564102564,0.292051282051282,0.285128205128205,0.79090113735783,0.226596675415573,35387,0.0946078431372549,0.221794871794872,0.139107611548556,"2014",2014,6
"311",6001444302,550.7104,0.771515613099772,0.0567901234567901,0.141985767536428,0.475770925110132,0.0210098271772281,0.624801271860095,0.566772655007949,0,0.494308600337268,34.3,0.312605396290051,0.0267706576728499,0.234612141652614,0.513490725126476,0.382799325463744,0.554054054054054,0.123211446740859,25482,0.0827974276527331,0.41271186440678,0.0993640699523052,"2014",2014,5
"312",6001444400,12136.04,0.77878985035784,0.0538023797206415,0.177795874049946,0.482899022801303,0.00407166123778502,0.594664931685101,0.263500325309044,0,0.536544850498339,38.3,0.310008305647841,0.0355066445182724,0.20328073089701,0.484011627906977,0.393895348837209,0.605074821080026,0.172413793103448,29528,0.0649166371053565,0.232558139534884,0.0546519193233572,"2014",2014,5
"313",6001444500,9029.054,0.58755980861244,0.0796597061098221,0.162081467263809,0.535082107059074,0.0134357005758157,0.527493917274939,0.367883211678832,0.00924574209245742,0.530528775927549,36.2,0.340929009640666,0.0895413380075957,0.31799591002045,0.390739117732983,0.355682150160678,0.42287104622871,0.153771289537713,27090,0.0792079207920792,0.297194623027469,0.0399026763990268,"2014",2014,3
"314",6001444601,4267.697,0.991930060524546,0.0701298701298701,0.0774285714285714,0.547142857142857,0.0105714285714286,0.572418572418572,0.383229383229383,0.0097020097020097,0.516905330151154,40.5,0.41030230708035,0.0646380270485282,0.356801909307876,0.20266507557677,0.319411296738266,0.830907830907831,0.261954261954262,30469,0.0869194716659565,0.237450199203187,0.0589050589050589,"2014",2014,6
"315",6001444602,2037.152,0.680342927127985,0.0763097949886105,0.06658521686011,0.68540012217471,0.0296273671350031,0.432051282051282,0.296794871794872,0.0141025641025641,0.446778380929903,38.3,0.253717252773189,0.0675005900401227,0.512862874675478,0.124616473920227,0.484068916686335,0.630769230769231,0.180128205128205,37943,0.0542121684867395,0.14113759735662,0.0538461538461538,"2014",2014,6
"316",6001450101,6355.89,0.346504559270517,0.174961715160796,0.020587344838026,0.862549197699061,0.0357250983953981,0.564587973273942,0.385300668151448,0,0.477078651685393,35.1,0.409213483146067,0.0676404494382022,0.424044943820225,0.0674157303370786,0.358876404494382,0.326837416481069,0.221603563474388,52599,0.0339285714285714,0.0478447303091853,0.147550111358575,"2014",2014,6
"317",6001450102,2107.781,0.669085631349782,0.230237154150198,0.205787781350482,0.573240443015363,0.00785994998213648,0.665130568356375,0.554531490015361,0.00153609831029186,0.581815850218005,34.9,0.323159784560144,0.211720954090793,0.232367273659913,0.268786868427802,0.258784303667607,0.623655913978495,0.247311827956989,27546,0.0411585365853659,0.114104193138501,0.170506912442396,"2014",2014,6
"318",6001450200,8032.685,0.290197764402408,0.0938936309914642,0.0469966629588432,0.865127919911012,0.0406006674082314,0.450022820629849,0.329073482428115,0.00410771337288909,0.422204536410665,32.3,0.596697174691604,0.0457620374054914,0.252686032630322,0.0893354556307202,0.203740549144449,0.322683706070288,0.164308534915564,45564,0.056517775752051,0.127138877835257,0.0789593792788681,"2014",2014,6
"319",6001450300,4169.055,0.827920227920228,0.0780724691819201,0.0427680427680428,0.776061776061776,0.0130680130680131,0.60302677532014,0.388242142025611,0,0.502081268582755,36.4,0.606342913776016,0.0578790882061447,0.233300297324083,0.150247770069376,0.178592666005946,0.677532013969732,0.235739231664726,37669,0.0545328238971865,0.0826052422557585,0.0512223515715949,"2014",2014,6
"320",6001450400,4904.015,0.83175355450237,0.0707816169070782,0.109866539561487,0.675166825548141,0.00643469971401335,0.561704211557297,0.387855044074437,0.0117531831537708,0.509708737864078,37.6,0.70187479075996,0.0135587546032809,0.249748911951791,0.137763642450619,0.293940408436558,0.722331047992165,0.22869735553379,33700,0.0592636935049386,0.201947288903811,0.0386875612144956,"2014",2014,6
"321",6001450501,7441.279,0.622205088666153,0.0724795640326975,0.0794509151414309,0.753743760399334,0.021630615640599,0.641025641025641,0.338141025641026,0.000801282051282051,0.519449431478157,41.8,0.760921603830042,0.0601436265709156,0.14392579293836,0.161879114302813,0.25014961101137,0.693108974358974,0.346955128205128,43159,0.0534623217922607,0.108545727136432,0.117788461538462,"2014",2014,6
"322",6001450502,1193.475,0.968427095292767,0.113170347003155,0.0283787580781118,0.867659454903063,0.0115200899128969,0.719441210710128,0.394644935972061,0,0.477872670807453,43,0.602678571428571,0.00970496894409938,0.248253105590062,0.0834627329192547,0.195069875776398,0.885331781140861,0.39813736903376,60002,0.0894535328924469,0.0640527950310559,0.30500582072177,"2014",2014,6
"323",6001450601,175.7847,0.862453531598513,0.071072319201995,0.0264266564534661,0.872079662964381,0.040597472232861,0.734227129337539,0.332018927444795,0,0.487861947937994,48.4,0.656624744077216,0.0415326118748172,0.244515940333431,0.0482597250658087,0.252997952617724,0.88801261829653,0.493690851735016,67609,0.0693703308431163,0.106051703877791,0.30205047318612,"2014",2014,6
"324",6001450602,3867.982,0.739810986414649,0.0801007556675063,0.0304627037707887,0.863329491190515,0.00806849991766837,0.658536585365854,0.435223313272094,0,0.460981409424989,41,0.672287073065283,0.0302637267617812,0.241353220925205,0.0933852140077821,0.18623000432339,0.717770034843206,0.32277478618942,56694,0.0711678832116788,0.082197707116591,0.291415901171999,"2014",2014,6
"325",6001450603,3054.048,0.994832041343669,0.0476408612001832,0.042796471741261,0.78765109441359,0.0225416530545573,0.697931034482759,0.500689655172414,0,0.535205183585313,38.8,0.662634989200864,0.00280777537796976,0.241900647948164,0.110799136069114,0.209071274298056,0.879310344827586,0.308275862068966,42495,0.0965125709651257,0.138132295719844,0.171724137931034,"2014",2014,6
"326",6001450604,5963.41,0.820139697322468,0.07117903930131,0.0444986284669308,0.821700701005791,0.0259067357512953,0.782426778242678,0.421398684997011,0,0.495580678314491,43.8,0.775950668036999,0.0145940390544707,0.160945529290853,0.11551901336074,0.15950668036999,0.756126718469815,0.465032875074716,46838,0.050501002004008,0.0900308324768756,0.208607292289301,"2014",2014,6
"327",6001450605,5824.018,0.819405099150142,0.167757287328971,0.0314989138305576,0.833091962346126,0.0329471397538016,0.659348441926346,0.418555240793201,0,0.478989494747374,43.6,0.692096048024012,0.0145072536268134,0.241870935467734,0.0782891445722861,0.191345672836418,0.715297450424929,0.364022662889518,49190,0.0792811839323467,0.0798192771084337,0.184844192634561,"2014",2014,6
"328",6001450606,7531.184,0.919610855094726,0.0849965588437715,0.0579995084787417,0.824281150159744,0.0631604816908331,0.754021795537104,0.384535547483134,0,0.515228858261017,44,0.644546537348988,0.0299472519993194,0.23940786115365,0.077590607452782,0.242130338608133,0.843798650752465,0.402698495070057,55195,0.0920321185917233,0.0860983494980432,0.310326933056565,"2014",2014,6
"329",6001450607,2748.979,0.393639879673399,0.190704537071191,0.0871737923375902,0.700721821210439,0.0405330372015547,0.370404411764706,0.266084558823529,0.0110294117647059,0.461448370095647,38.8,0.66211204372438,0.0683193441342963,0.197735701737263,0.194026937341402,0.255514347062268,0.334099264705882,0.185202205882353,42380,0.0667122819021553,0.228381807534648,0.152573529411765,"2014",2014,6
"330",6001450701,80.20412,0.944837868058144,0.0459902270767462,0.0207066869300912,0.902355623100304,0.0294452887537994,0.777651515151515,0.48030303030303,0.00606060606060606,0.532201334141904,44.2,0.648999393571862,0.00327471194663432,0.281503941782899,0.0588235294117647,0.210673135233475,0.868939393939394,0.454924242424242,67366,0.0489435677988767,0.08163512857836,0.398863636363636,"2014",2014,6
"331",6001450741,6462.764,0.694174757281553,0.20249892287807,0.114035087719298,0.732880588568195,0.0138653084323713,0.566245189664651,0.419461242440902,0.00824628916987356,0.495032479938861,39.5,0.754871990829194,0.0324799388612916,0.144631257164692,0.246083301490256,0.23060756591517,0.556899395272128,0.316657504123145,46937,0.113023952095808,0.188542279772415,0.219901044529962,"2014",2014,6
"332",6001450742,1580.032,0.69802244788883,0.0715587967183227,0.0467836257309941,0.815943367189905,0.0483225607879347,0.68361581920904,0.380790960451977,0.00451977401129944,0.459430979978925,44.7,0.72813487881981,0.0166491043203372,0.21390937829294,0.126238145416228,0.217913593256059,0.793785310734463,0.417514124293785,49107,0.0671611042439225,0.0634351949420443,0.172316384180791,"2014",2014,1
"333",6001450743,3552.456,0.434653465346535,0.238048137157929,0.12187333688132,0.794837679616818,0.0156998403406067,0.579185520361991,0.532428355957768,0,0.522167487684729,32.2,0.417869882792594,0.0446747069814846,0.492271105826397,0.112281297774758,0.51384406319008,0.362996480643539,0.194570135746606,38729,0.0407407407407407,0.160862918294547,0.0985419808949221,"2014",2014,6
"334",6001450744,4839.483,0.927227101631117,0.107632933104631,0.0117871933736859,0.842306467027716,0.0124243389614527,0.781389420012747,0.521988527724665,0.0133843212237094,0.486669401148482,39.9,0.647046759639048,0.0168170631665299,0.274815422477441,0.121616078753076,0.232157506152584,0.765455704270236,0.362014021669853,46762,0.0552941176470588,0.11200164406083,0.161886551943913,"2014",2014,6
"335",6001450745,2070.2,0.81483325037332,0.0951893551688843,0.0212879191059074,0.887706226716338,0.0627993613624268,0.742160278745645,0.551020408163265,0,0.492022645393721,40,0.492880425458912,0.0109795848344484,0.445359409847315,0.0518099159375536,0.389432149596843,0.714285714285714,0.321553011448482,58670,0.0194719471947195,0.030022302281695,0.282727725236436,"2014",2014,1
"336",6001450746,4905.306,0.841584158415842,0.0844686648501362,0.0331439393939394,0.828125,0.0184659090909091,0.552047781569966,0.459897610921502,0.0170648464163823,0.464068209500609,36.5,0.876674786845311,0.0109622411693057,0.0749086479902558,0.156516443361754,0.158038976857491,0.746587030716723,0.331058020477816,40069,0.142696629213483,0.146780592004883,0.0827645051194539,"2014",2014,6
"337",6001450750,6058.582,0.298918387413963,0.18525261720528,0.082844321712116,0.817397307559544,0.0393510528132551,0.397750511247444,0.245910020449898,0.00460122699386503,0.462004544306993,35.4,0.52890684170664,0.0474627619288059,0.331481949002777,0.137591517293613,0.309012875536481,0.464212678936605,0.223415132924335,46554,0.0491257285595337,0.209038121686443,0.0777096114519427,"2014",2014,6
"338",6001450751,1070.129,0.935507783543366,0.0745526838966203,0.022923712889891,0.935362645621947,0.0597519729425028,0.804195804195804,0.582750582750583,0.00699300699300699,0.494437577255871,37.5,0.322373300370828,0.0630407911001236,0.563658838071693,0.0566131025957973,0.415080346106304,0.905205905205905,0.393939393939394,65612,0.0441937000470146,0.00916522169928164,0.435120435120435,"2014",2014,1
"339",6001450752,821.1519,0.919304779639975,0.119947275922671,0.076632801161103,0.80899854862119,0.0444121915820029,0.83509234828496,0.58377308707124,0,0.504215246636771,38.6,0.354977578475336,0.0396412556053812,0.524663677130045,0.0611659192825112,0.43085201793722,0.853562005277045,0.337071240105541,50873,0.0339592489013184,0.0836495031616983,0.348944591029024,"2014",2014,1
"340",6001451101,32.90436,0.897342995169082,0.0673316708229426,0.0260223048327138,0.789136720363486,0.0454357703428335,0.658340389500423,0.413632514817951,0,0.506976082004556,41.4,0.750427107061503,0.0233485193621868,0.168992027334852,0.114037585421412,0.214407744874715,0.797629127857748,0.448348856900931,58589,0.0702416918429003,0.105652173913043,0.262066045723963,"2014",2014,6
"341",6001451102,2182.823,0.992857142857143,0.00340715502555366,0.0361747851002865,0.891833810888252,0.0515759312320917,0.762253108997805,0.329188002926116,0.0248719824433065,0.534110642520466,46.5,0.804763086082858,0.0069461672041677,0.106673282064004,0.0798809228479286,0.138179111882907,0.97878566203365,0.500365764447696,57053,0.030031612223393,0.0538327958322997,0.326993416239941,"2014",2014,1
"342",6001451201,4769.486,0.792261457550714,0.0455226115603474,0.0317322321234514,0.810693327537492,0.011084546837644,0.512800315084679,0.366679795194959,0,0.490986997635934,40.3,0.725177304964539,0.045065011820331,0.119089834515366,0.206117021276596,0.168735224586288,0.669554942890902,0.199684915320993,39298,0.0631408526713438,0.179669030732861,0.094525403702245,"2014",2014,6
"343",6001451202,221.7796,0.953232462173315,0.0410839160839161,0.0547847741017431,0.736036997509783,0.00889363215937389,0.668356263577118,0.35626357711803,0.0057929036929761,0.492632113821138,36,0.788617886178862,0.00889227642276423,0.108739837398374,0.20604674796748,0.170985772357724,0.887038377986966,0.303403330919623,44811,0.0823762376237624,0.09979633401222,0.171614771904417,"2014",2014,6
"344",6001451300,1452.498,0.875516956162117,0.0329493704795071,0.0771028037383178,0.706457094307562,0.0104078164825828,0.611952861952862,0.444444444444444,0.0105218855218855,0.509415401911186,38.9,0.877459246767847,0.0170039347948286,0.0458122540753232,0.217116357504216,0.128302417088252,0.861111111111111,0.276094276094276,40338,0.0694835680751174,0.105958403597527,0.117424242424242,"2014",2014,6
"345",6001451401,3526.667,0.692210526315789,0.0364852538765582,0.111833258628418,0.705513222770058,0.0378753922008068,0.516210526315789,0.306947368421053,0,0.509664131812421,41.4,0.782002534854246,0.00697084917617237,0.115811153358682,0.221166032953105,0.172845373891001,0.605473684210526,0.292631578947368,42143,0.0688888888888889,0.232998885172798,0.154526315789474,"2014",2014,6
"346",6001451403,8063.391,0.945979899497487,0.0585241730279898,0.0803571428571429,0.647664835164835,0,0.461103253182461,0.381895332390382,0,0.500476190476191,34,0.783809523809524,0.00952380952380952,0.167142857142857,0.235238095238095,0.266666666666667,0.75954738330976,0.251768033946252,38632,0.0944527736131934,0.159047619047619,0.0933521923620934,"2014",2014,6
"347",6001451404,9613.51,0.689594356261023,0.0955662073097663,0.269824374667376,0.46673762639702,0.0276742948376796,0.355131264916468,0.409546539379475,0,0.514878558790413,31,0.816792665272639,0.0151198327167444,0.0635354672671707,0.487855879041338,0.33086697764195,0.414797136038186,0.151789976133652,25186,0.0963241212771666,0.361917182914901,0.0572792362768496,"2014",2014,5
"348",6001451501,2318.425,0.692873303167421,0.0930555555555556,0.0908796895213454,0.718305304010349,0.0750323415265201,0.544560185185185,0.330439814814815,0.00578703703703704,0.474801061007958,41,0.827586206896552,0.0156940760389036,0.10079575596817,0.169761273209549,0.18921308576481,0.630208333333333,0.336805555555556,42911,0.0578303081468974,0.164014146772767,0.184606481481481,"2014",2014,1
"349",6001451503,5388.968,0.777084262148908,0.0854700854700855,0.104955527318933,0.716899618805591,0.0307496823379924,0.556038647342995,0.301449275362319,0.00869565217391304,0.475377426312006,41.4,0.762401150251618,0.000718907260963336,0.117002156721783,0.25,0.156542056074766,0.614009661835749,0.196135265700483,33596,0.0763157894736842,0.221259700415088,0.0541062801932367,"2014",2014,6
"350",6001451504,1338.51,0.864600326264274,0.0559610705596107,0.0447080291970803,0.79470802919708,0.0538321167883212,0.607679465776294,0.33889816360601,0,0.455469216975493,42.1,0.839808726838016,0.0239091452480574,0.0794979079497908,0.0603705917513449,0.109384339509863,0.7779632721202,0.235392320534224,42270,0.0610859728506787,0.18433734939759,0.20534223706177,"2014",2014,1
"351",6001451505,6249.346,1,0.0919978225367447,0.0352578228294403,0.843102688408991,0.0524460114587924,0.72331340734415,0.391118701964133,0.0264730999146029,0.506638503319252,43,0.931502715751358,0,0.03983101991551,0.0712130356065178,0.0853952926976464,0.921434671221179,0.35269000853971,52968,0.049663735126746,0.0691007845503923,0.22203245089667,"2014",2014,1
"352",6001451506,10817.88,0.514261019878997,0.101694915254237,0.218232044198895,0.541896869244936,0.0584714548802947,0.703634669151911,0.493942218080149,0,0.518706047819972,30.2,0.788748241912799,0.0646976090014065,0.059634317862166,0.378621659634318,0.315049226441632,0.378378378378378,0.21901211556384,28282,0.043979057591623,0.296369265409513,0.0344827586206897,"2014",2014,6
"353",6001451601,3319.439,0.809745982374287,0.0413561847988077,0.0511136493432324,0.810965162764135,0.0399771559109081,0.63169164882227,0.364025695931477,0,0.508424182358771,42.4,0.837661050545094,0.00138751238850347,0.117542120911794,0.108622398414272,0.101883052527255,0.730728051391863,0.342077087794433,55755,0.0713574510454696,0.141724479682854,0.230192719486081,"2014",2014,1
"354",6001451602,5792.892,0.63441215323646,0.0721736678883564,0.0785571142284569,0.779759519038076,0.032064128256513,0.492280701754386,0.254385964912281,0,0.482789317507418,43.3,0.836350148367953,0.0056379821958457,0.0967359050445104,0.134272997032641,0.134421364985163,0.623157894736842,0.328771929824561,44935,0.0385330853042785,0.192929445535579,0.124210526315789,"2014",2014,6
"355",6001451701,6132.157,0.994464944649446,0.038863976083707,0.100899100899101,0.623376623376623,0.00799200799200799,0.651322233104799,0.387855044074437,0,0.522625215889465,42.3,0.831778929188256,0.0172711571675302,0.079447322970639,0.140587219343696,0.107772020725389,0.737512242899119,0.253672869735553,36427,0.0640941792020929,0.100518134715026,0.0999020568070519,"2014",2014,6
"356",6001451703,6824.321,0.954411764705882,0.0736955352339968,0.0512037978975924,0.803662258392675,0.0125466259749067,0.757352941176471,0.513970588235294,0.0169117647058824,0.48686553873553,38,0.729519145146928,0.0313891362422084,0.152938557435441,0.154496883348175,0.128227960819234,0.848529411764706,0.317647058823529,45311,0.111421911421911,0.0405254954353151,0.208088235294118,"2014",2014,1
"357",6001451704,5460.374,0.817109144542773,0.0385802469135802,0.0723418573351279,0.767496635262449,0.0521534320323015,0.594849246231156,0.351130653266332,0,0.537842951750237,39.1,0.933065279091769,0.00969725638599811,0.0118259224219489,0.179990539262062,0.0957899716177862,0.685929648241206,0.339195979899498,45857,0.0384615384615385,0.110454115421003,0.131281407035176,"2014",2014,1
"358",6001983200,3100.833,0.0887290167865707,0.353741496598639,0.0112359550561798,0.822097378277154,0.0168539325842697,0.386627906976744,0.0581395348837209,0.0436046511627907,0.573604060913706,36.6,0.514382402707276,0.1082910321489,0.274111675126904,0.153976311336717,0.209813874788494,0.674418604651163,0.200581395348837,86814,0.0334029227557411,0.120135363790186,0.270348837209302,"2014",2014,9
"359",6013301000,131.9093,0.708771929824561,0.0642140468227425,0.104368122707569,0.522840946982327,0.0230076692230744,0.448979591836735,0.214285714285714,0.00840336134453781,0.52286282306163,51.6,0.789512922465209,0.0521868787276342,0.0449801192842942,0.206262425447316,0.0944333996023857,0.767106842737095,0.261704681872749,30813,0.119714442613948,0.262160139685707,0.0528211284513806,"2014",2014,6
"360",6013302005,4887.68,0.709531635168447,0.0420136260408781,0.14242353490544,0.485640905907074,0.00630399252860145,0.468818142171827,0.387701700828609,0,0.499109263657957,39.1,0.625593824228028,0.0751187648456057,0.0687351543942993,0.397416864608076,0.170576009501188,0.611862189271696,0.136066288704754,22389,0.130462317922736,0.488181953322432,0.00436109899694723,"2014",2014,3
"361",6013302006,1689.271,1,0.0607853684776762,0.170751633986928,0.556372549019608,0,0.749377593360996,0.542738589211618,0,0.527937860185417,31.1,0.796792783763468,0.0142821348033074,0.0543723377599599,0.362315209220747,0.127035830618893,0.844813278008299,0.162655601659751,28810,0.121596244131455,0.140491721023583,0.0639004149377593,"2014",2014,6
"362",6013302007,3599.234,0.92994828396803,0.0581039755351682,0.200564971751412,0.507447354904982,0.00308166409861325,0.429076224129228,0.391216557294296,0.00403836446239273,0.522946458264051,35.8,0.681077485866312,0.0972730295976056,0.060691719321583,0.403558363817759,0.19920186232125,0.74457344775366,0.19434628975265,26728,0.125569290826285,0.269430051813472,0.0257445734477537,"2014",2014,6
"363",6013302008,1221.843,0.883470004315926,0.0323771655779608,0.149456003054018,0.566711204428326,0,0.583668005354752,0.546630968317715,0,0.488600451467269,31.7,0.594469525959368,0.134537246049661,0.111851015801354,0.382844243792325,0.207223476297968,0.650602409638554,0.171798304328425,24432,0.123654628079407,0.304104903078677,0.0285586791610888,"2014",2014,6
"364",6013302009,3167.021,0.908084163898117,0.0728228228228228,0.100645855758881,0.698062432723358,0,0.594988344988345,0.574009324009324,0.00466200466200466,0.495257347224382,29.6,0.310371637381434,0.237754626030166,0.181931270408957,0.294666459337584,0.25703623075727,0.56993006993007,0.0967365967365967,27796,0.10935441370224,0.383065785332074,0.11013986013986,"2014",2014,6
"365",6013302010,3920.359,0.9965625,0.055652850749173,0.117511165870938,0.562913907284768,0.0160172493454489,0.619649805447471,0.46822308690013,0.00356679636835279,0.482596153846154,32.9,0.793173076923077,0.03875,0.0748076923076923,0.312211538461538,0.120096153846154,0.869649805447471,0.148508430609598,34041,0.0795985464613255,0.160478348924679,0.0593385214007782,"2014",2014,6
"366",6013303102,3281.755,0.8624,0.0559910414333707,0.133664390647631,0.663769915166563,0.00806952203600248,0.657793044224989,0.635895234006011,0,0.500909421607857,32.7,0.677943494604098,0.0639020249787802,0.139929671395659,0.351521765490481,0.257790711773978,0.678832116788321,0.135251180764277,29825,0.079380683214549,0.264948954788527,0.0704164877629884,"2014",2014,6
"367",6013303103,827.0604,0.877746478873239,0.0357066035706604,0.154412893323101,0.626093630084421,0.00383729854182655,0.568079350766456,0.498647430117223,0.00991884580703336,0.492594317652538,32.8,0.749697251979506,0.047880763856544,0.0343735444806707,0.382207731718677,0.151560316721006,0.580102194168921,0.112714156898106,28183,0.101795263559969,0.307613264829519,0.0522993688007214,"2014",2014,6
"368",6013303201,2078.925,0.908917803871787,0.0536748329621381,0.0857322636463741,0.73745477426459,0.00377536573855592,0.711001642036125,0.56551724137931,0,0.517515923566879,35.9,0.499250655676283,0.170850505807419,0.097227426002248,0.217216185837392,0.196328212813788,0.668965517241379,0.222988505747126,30893,0.0979310344827586,0.199470349002175,0.0962233169129721,"2014",2014,6
"369",6013303202,5141.026,0.980409617097061,0.0143995098039216,0.0282588878760255,0.719006381039198,0,0.626892252894034,0.472395369545859,0.0160284951024043,0.528944847406596,36.9,0.792938278363213,0.00807444915834132,0.084850143697824,0.158204461475298,0.0739017380593951,0.796972395369546,0.114425645592164,34568,0.0755862068965517,0.129510220880779,0.0881567230632235,"2014",2014,6
"370",6013303203,3638.724,0.907518531591952,0.014037985136251,0.0397665085735133,0.752280189711784,0.00474279460051076,0.712378202814868,0.452544207867196,0,0.485357062401442,37,0.697904933543591,0.0949538184275738,0.103852218968236,0.182924082000451,0.122888037846362,0.822446770119091,0.290147961024901,34714,0.0833946529310768,0.155832286073346,0.111512089498376,"2014",2014,6
"371",6013303204,6263.271,0.818987341772152,0.0151041666666667,0.205495818399044,0.586021505376344,0,0.592245989304813,0.446524064171123,0,0.526868686868687,37.4,0.875151515151515,0.0339393939393939,0.02,0.370505050505051,0.196161616161616,0.629679144385027,0.137700534759358,23801,0.139484040227372,0.330840743734842,0.0147058823529412,"2014",2014,6
"372",6013303205,1494.071,0.985263778367227,0.0267804590935845,0.072012523917203,0.717168203165768,0.0257436075839276,0.640449438202247,0.250312109862672,0.00998751560549313,0.504742633109903,47.6,0.827747565448337,0.00847350448969268,0.074238016947009,0.195270013911724,0.12368787150626,0.884831460674157,0.40792759051186,43412,0.0547795124623391,0.127355507777918,0.0536828963795256,"2014",2014,6
"373",6013304001,364.1508,0.964601769911504,0.0446677833612507,0.0641556291390728,0.831539735099338,0.00538079470198675,0.754792332268371,0.523162939297125,0,0.454477611940299,39.1,0.696019900497512,0.0266169154228856,0.178606965174129,0.188557213930348,0.11592039800995,0.759584664536741,0.231629392971246,34174,0.0633552965027876,0.138308457711443,0.0878594249201278,"2014",2014,6
"374",6013304002,42.01477,0.859756097560976,0.0403361344537815,0.263982102908277,0.466442953020134,0.0167785234899329,0.49671772428884,0.407002188183807,0,0.577402787967718,34.8,0.954512105649303,0.0066030814380044,0.0066030814380044,0.425531914893617,0.181951577402788,0.472647702407002,0.203501094091904,29293,0.0657492354740061,0.213836477987421,0.0459518599562363,"2014",2014,6
"375",6013304003,1138.347,0.988317757009346,0.0221378874130297,0.0816696914700544,0.716878402903811,0.00653357531760436,0.557527942143327,0.309007232084155,0,0.522361359570662,45.7,0.822386915410171,0.0922565806286736,0.0337337081523128,0.07794531050345,0.0817786864298492,0.710716633793557,0.28336620644313,40194,0.105645612073784,0.221681189133778,0.111768573307035,"2014",2014,6
"376",6013304004,4082.695,0.9945085118067,0.0335929892891918,0.0252695417789757,0.816374663072776,0,0.71244358478401,0.307543520309478,0,0.538215777832391,46.5,0.896289014499877,0.00393217006635537,0.00319488817891374,0.116736298844925,0.0427623494716146,0.882656350741457,0.368794326241135,60465,0.112896405919662,0.108134676824773,0.188265635074146,"2014",2014,1
"377",6013304005,406.4781,0.973984481971702,0.0457262402869097,0.0419910356216089,0.720924746402453,0.00212314225053079,0.742074927953891,0.534582132564842,0,0.517441860465116,35.6,0.830402722631878,0.0175836642087351,0.0397050482132728,0.139393079977311,0.0890527509926262,0.783861671469741,0.219020172910663,34410,0.0737315010570825,0.11528644356211,0.0456292026897214,"2014",2014,6
"378",6013305000,2008.35,0.566419945461628,0.137581168831169,0.215707369553523,0.420925228617536,0,0.308314606741573,0.407191011235955,0,0.503552818569398,30.1,0.583925469761566,0.159639981051634,0.0191062687509869,0.446076109268909,0.171166903521238,0.210786516853933,0.0746067415730337,18723,0.156435643564356,0.534631343759974,0.00943820224719101,"2014",2014,3
"379",6013306002,1008.176,0.851687388987567,0.0875,0.109047619047619,0.575238095238095,0,0.567493112947658,0.265381083562902,0,0.492808219178082,45.2,0.66541095890411,0.0578767123287671,0.0773972602739726,0.304109589041096,0.185616438356164,0.82277318640955,0.28099173553719,26055,0.108997805413314,0.310535405872193,0.0266299357208448,"2014",2014,6
"380",6013306003,7549.208,0.793029490616622,0.158117647058824,0.107456140350877,0.519423558897243,0.00093984962406015,0.433161216293746,0.413080895008606,0.00803212851405622,0.463732057416268,30.6,0.592727272727273,0.137416267942584,0.0451674641148325,0.360382775119617,0.130143540669856,0.493975903614458,0.147446930579461,20107,0.124137931034483,0.452999804572992,0.0183591508892714,"2014",2014,6
"381",6013306004,4675.136,0.701421800947867,0.194552529182879,0.194681861348528,0.488129154795821,0.00474833808167141,0.417840375586854,0.313615023474178,0,0.542068506817426,35.8,0.645161290322581,0.18390422347855,0.0276022613900898,0.41835716661124,0.150315929497838,0.492018779342723,0.144600938967136,25230,0.144218551461245,0.362512529234881,0.0122065727699531,"2014",2014,3
"382",6013307101,5221.813,0.853146853146853,0.0612121212121212,0.12741068605754,0.503635788808094,0,0.489548213081591,0.287929871881322,0.0101146325016858,0.464465841357176,44.6,0.685694635488308,0.10041265474553,0.0277395690050436,0.43145346171481,0.14007336084365,0.689143627781524,0.233310856372218,25493,0.0764542936288089,0.325069508804449,0.0188806473364801,"2014",2014,6
"383",6013307102,8302.372,0.83764832793959,0.0969917012448133,0.283567774936061,0.343030690537084,0,0.443746071653048,0.447517284726587,0.0282840980515399,0.439579684763573,32.5,0.697411947849776,0.0498151391321269,0.00836738665109944,0.594668223389765,0.226503210741389,0.489629164047769,0.108108108108108,17494,0.157094594594595,0.596614127262113,0.0339409176618479,"2014",2014,5
"384",6013307201,5665.422,0.512605042016807,0.117440841367222,0.17068170169144,0.42337262942081,0,0.406060606060606,0.440692640692641,0,0.546907369044096,31.4,0.568215448357502,0.160106540396567,0.0491269606392424,0.441846700207162,0.212192956496005,0.47012987012987,0.0813852813852814,17626,0.203322259136213,0.543243243243243,0.00606060606060606,"2014",2014,3
"385",6013307202,14843.54,0.289537712895377,0.257417802726544,0.326392251815981,0.356416464891041,0,0.262012012012012,0.499249249249249,0,0.4533961328706,25.4,0.285572632622707,0.299454635597422,0.0587506197322757,0.41844323252355,0.268468021814576,0.130630630630631,0.0930930930930931,14699,0.239953407105416,0.707121364092277,0.015015015015015,"2014",2014,3
"386",6013307204,7139.752,0.9921875,0.0964436407474382,0.115454216431415,0.558089033659066,0,0.606128550074738,0.40881913303438,0.00597907324364723,0.510761789600967,37.8,0.612817412333736,0.117533252720677,0.0396614268440145,0.451995163240629,0.193954050785973,0.736173393124066,0.14050822122571,24251,0.0611020185488271,0.319034852546917,0.0336322869955157,"2014",2014,6
"387",6013307205,5428.155,0.548375319459657,0.0564024390243902,0.201260911736178,0.486420950533463,0.027643064985451,0.367338543809132,0.339366515837104,0.00617030028794735,0.454953560371517,32.8,0.510681114551084,0.19969040247678,0.096594427244582,0.338080495356037,0.225386996904025,0.458658988070753,0.135335252982312,22668,0.0743372506149221,0.430831265508685,0.0053475935828877,"2014",2014,6
"388",6013308001,4713.743,0.940053455517373,0.0790150679897097,0.133563864274908,0.496866220012967,0.0118867516749514,0.554534057668199,0.353531132469703,0,0.446636771300448,42.9,0.671748878923767,0.113602391629297,0.0675635276532137,0.292077727952167,0.139312406576981,0.695779356456331,0.175929795236105,26324,0.195533924992843,0.258719182200842,0.0325950689511074,"2014",2014,6
"389",6013308002,2815.936,1,0.104748603351955,0.103682516982481,0.670718627100465,0,0.676697530864197,0.418981481481481,0,0.4868177613321,39.8,0.54486586493987,0.141304347826087,0.167437557816836,0.261563367252544,0.170212765957447,0.808641975308642,0.261574074074074,34859,0.100684655658478,0.105104408352668,0.0725308641975309,"2014",2014,6
"390",6013309000,811.1367,0.739093242087254,0.0950679056468906,0.0604818042029728,0.662224500256279,0.00307534597642235,0.369328493647913,0.342105263157895,0.0136116152450091,0.452288845905867,36.6,0.30528691166989,0.461960025789813,0.0812379110251451,0.259832366215345,0.1785944551902,0.598911070780399,0.158802177858439,28921,0.156193895870736,0.353305112341257,0.0381125226860254,"2014",2014,2
"391",6013310000,8053.411,0.779235596120936,0.12992125984252,0.295265423242468,0.443328550932568,0,0.481366459627329,0.546583850931677,0,0.463023029516704,30.5,0.346091469348038,0.194615634122608,0.0768731754784301,0.563250081089848,0.336522867337009,0.48944099378882,0.084472049689441,15906,0.144170650974623,0.511643270024773,0.024223602484472,"2014",2014,3
"392",6013311000,8492.231,0.842275371687136,0.137896326119779,0.262109240810718,0.422878735829612,0,0.480916030534351,0.586398334489938,0,0.457908644771612,27.5,0.285390713476784,0.195545488863722,0.148924122310306,0.47678369195923,0.297093242733107,0.569049271339348,0.0659264399722415,15380,0.216634429400387,0.519992419935569,0.00693962526023595,"2014",2014,3
"393",6013312000,4277.343,0.715337423312883,0.145859085290482,0.186851211072664,0.38477508650519,0,0.329251700680272,0.457142857142857,0.0299319727891156,0.423595994775795,38.5,0.3922507618633,0.350021767522856,0.0766216804527645,0.412712233347845,0.274706138441445,0.361904761904762,0.054421768707483,16809,0.154545454545455,0.494604316546763,0.0122448979591837,"2014",2014,3
"394",6013313101,5482.165,0.511850017686594,0.162237762237762,0.231181727904667,0.501092353525323,0.00198609731876862,0.443858327053504,0.416352675207234,0,0.481568936114391,33.4,0.388298570116752,0.145349599895054,0.16227207136298,0.332283877738423,0.322707595434868,0.447626224566692,0.105877920120573,20911,0.10987020827045,0.49047619047619,0.0158251695553881,"2014",2014,3
"395",6013313102,4932.889,0.778,0.086248492159228,0.155237694572991,0.569204880100968,0,0.444778362133734,0.411720510894065,0,0.434002111932418,37.2,0.385163674762408,0.369324181626188,0.0781414994720169,0.243664202745512,0.215417106652587,0.649887302779865,0.176558978211871,27681,0.0939524838012959,0.165496760259179,0.0631104432757325,"2014",2014,6
"396",6013313103,1484.912,0.789412673879444,0.0941658137154555,0.13538404862774,0.646896297660711,0.00257874378338552,0.539499801508535,0.353314807463279,0.00357284636760619,0.471444568868981,37.7,0.405126290904566,0.154162000746547,0.183152917755381,0.317780266268508,0.268756998880179,0.657800714569273,0.220722508932116,33580,0.0934806629834254,0.212373957425619,0.0484319174275506,"2014",2014,6
"397",6013313203,2659.745,0.965481171548117,0.0707803992740472,0.157314629258517,0.56062124248497,0.00200400801603206,0.571888412017167,0.357296137339056,0,0.479206049149338,36.2,0.486767485822306,0.0337114051669817,0.13421550094518,0.393824826717076,0.313799621928166,0.728540772532189,0.104077253218884,23432,0.0736955352339968,0.309703843730309,0.0160944206008584,"2014",2014,5
"398",6013313204,826.0999,0.700878155872667,0.091683569979716,0.241455959988886,0.500972492358989,0.00694637399277577,0.491535318155283,0.390542907180385,0,0.489867354458364,34.8,0.369933677229182,0.13761974944731,0.122144436256448,0.463154016212233,0.319454679439941,0.55575014594279,0.130764740221833,24703,0.119005950297515,0.304251386321627,0.039112667834209,"2014",2014,5
"399",6013313205,3653.544,1,0.0198265179677819,0.149842271293375,0.569400630914827,0,0.684824902723735,0.521400778210117,0,0.505489260143198,34.7,0.418615751789976,0.0424821002386635,0.339856801909308,0.38090692124105,0.394749403341289,0.743190661478599,0.171206225680934,23157,0.178427419354839,0.239140811455847,0.0544747081712062,"2014",2014,5
"400",6013313206,9118.938,0.81762168823167,0.0958852397130993,0.333414693678301,0.392726385159873,0,0.527450980392157,0.537254901960784,0,0.511662286465177,33,0.418363994743758,0.221254927726675,0.0916557161629435,0.568988173455979,0.375164257555848,0.511764705882353,0.147058823529412,17709,0.105775470473718,0.489312726076948,0.0124183006535948,"2014",2014,3
"401",6013314102,3000.125,0.764400921658986,0.0820618556701031,0.201890034364261,0.497709049255441,0.00372279495990836,0.564516129032258,0.444789081885856,0,0.482278257802857,32.6,0.383882913066479,0.115499911832128,0.125022041967907,0.538882031387762,0.382119555633927,0.745037220843672,0.0583126550868486,19518,0.168372400132057,0.448513800424628,0.0248138957816377,"2014",2014,3
"402",6013314103,2540.822,0.671324762437116,0.109577582601422,0.271892222902633,0.482241273729333,0.0033680342927128,0.414269275028769,0.574223245109321,0,0.472259810554804,30,0.326623815967524,0.215324763193505,0.115696887686062,0.54127198917456,0.324932341001353,0.436133486766398,0.0782508630609896,15998,0.208729898260584,0.595568335588633,0.00230149597238205,"2014",2014,3
"403",6013314104,8234.516,0.562081198265668,0.16010165184244,0.326377092938607,0.380732831836933,0.0133462751759282,0.326513213981245,0.458226768968457,0.0106564364876385,0.498978619093014,28.6,0.525670706795588,0.158245948522402,0.0866131009124336,0.532071360479368,0.291297834672477,0.420289855072464,0.0677749360613811,14534,0.238340399757723,0.573452544704264,0,"2014",2014,3
"404",6013314200,3323.867,0.767857142857143,0.0795737122557726,0.422132253711201,0.308502024291498,0,0.506075334143378,0.518226002430134,0,0.500919963201472,28.7,0.543544924869672,0.0280588776448942,0.0740570377184913,0.744863538791782,0.442195645507513,0.605103280680437,0.0753341433778858,16237,0.123525943396226,0.535769112680381,0.0218712029161604,"2014",2014,5
"405",6013315000,198.8384,0.975288303130148,0.064375,0.033195020746888,0.721530659289995,0,0.515957446808511,0.37854609929078,0.0265957446808511,0.517909002904163,38.5,0.696999031945789,0.0467892868667312,0.111326234269119,0.151016456921588,0.167473378509197,0.720744680851064,0.215425531914894,31907,0.125473228772309,0.224075891396794,0.0177304964539007,"2014",2014,6
"406",6013316000,1968.368,0.180851063829787,0.23013698630137,0.191715976331361,0.545562130177515,0.0106508875739645,0.110539845758355,0.159383033419023,0,0.600346020761246,34.8,0.771626297577855,0.124567474048443,0.0397923875432526,0.205017301038062,0.0847750865051903,0.102827763496144,0.0951156812339332,19646,0.12719298245614,0.493654822335025,0.0205655526992288,"2014",2014,3
"407",6013317000,3855.457,0.649862511457378,0.0808314087759815,0.0642309958750737,0.720683559222157,0,0.359214218896165,0.290926099158092,0,0.462334437086093,37.3,0.65976821192053,0.120860927152318,0.100165562913907,0.10885761589404,0.107615894039735,0.393826005612722,0.211412535079514,36287,0.104918032786885,0.293046357615894,0.0710944808231992,"2014",2014,6
"408",6013318000,667.8944,0.729411764705882,0.0691158156911582,0.0606837606837607,0.72008547008547,0.00811965811965812,0.343419062027231,0.201210287443268,0,0.456254050550875,43.4,0.800064808813999,0.0187945560596241,0.0482825664290343,0.181464679196371,0.0981853532080363,0.509077155824508,0.276096822995461,38692,0.0927487352445194,0.386894962133685,0.0885022692889561,"2014",2014,6
"409",6013319000,6228.77,0.787599364069952,0.0469762419006479,0.118450184501845,0.604243542435424,0,0.438799076212471,0.293632464533157,0,0.495682210708117,41.4,0.826889863159293,0.0208582436561711,0.0684203533944467,0.212435233160622,0.140560648332669,0.508083140877598,0.247773012207192,32765,0.0988933364728043,0.27045119828625,0.0666446717255031,"2014",2014,6
"410",6013320001,690.2538,0.864500792393027,0.0552455357142857,0.240831758034026,0.462759924385633,0,0.479547432550044,0.441253263707572,0,0.485158150851581,31.8,0.702676399026764,0.0472019464720195,0.054014598540146,0.388807785888078,0.2330900243309,0.59094865100087,0.177545691906005,21396,0.151431209602955,0.466962524654832,0.0130548302872063,"2014",2014,6
"411",6013320003,6501.237,0.896418199419167,0.0670426065162907,0.0582621798091411,0.799095931692617,0.024108488196886,0.666021297192643,0.442400774443369,0.0435624394966118,0.445617402431222,37.5,0.775111964171465,0.0118362124120282,0.09021113243762,0.155150351887396,0.0674984005118362,0.878025169409487,0.219748305905131,41891,0.0920547945205479,0.160268714011516,0.0939012584704743,"2014",2014,1
"412",6013320004,2305.472,0.801499605367009,0.0942780907204269,0.0501990269792127,0.761388766032729,0.0218929677134011,0.445520581113801,0.330508474576271,0,0.445002353679586,41,0.833987133218265,0.0123960458182959,0.0837909932527852,0.183900831633454,0.133375176525969,0.653753026634383,0.278046811945117,42465,0.0705882352941176,0.174807601696246,0.121065375302663,"2014",2014,6
"413",6013321101,4116.935,0.818397157520726,0.112232030264817,0.0751164596273292,0.748641304347826,0.00737577639751553,0.529859719438878,0.296192384769539,0.013627254509018,0.499563572883328,45.1,0.757346523130637,0.04989816700611,0.0855397148676171,0.163951120162933,0.145621181262729,0.692585170340681,0.386773547094188,37106,0.139121338912134,0.184113300492611,0.0669338677354709,"2014",2014,6
"414",6013321102,3316.593,0.977157360406091,0.0772381509654769,0.042544651816175,0.835440497692153,0.0202689143086494,0.577334809892949,0.268364710225175,0,0.500073410659228,46.2,0.738804874467773,0.00396417559829687,0.124210835413302,0.147261782410806,0.121421230362649,0.847176079734219,0.362126245847176,50249,0.0602769481401032,0.0848627220672442,0.106312292358804,"2014",2014,1
"415",6013321103,2118.016,0.876248612652608,0.0952380952380952,0.044169049888783,0.832221163012393,0.0171591992373689,0.633811230585424,0.309438470728793,0,0.494112105511069,47.8,0.825482807348092,0.0242581252943947,0.0680640602920396,0.11987753179463,0.103626943005181,0.820191158900836,0.407407407407407,44448,0.0658418029164825,0.0536975977390485,0.108124253285544,"2014",2014,1
"416",6013321200,6056.251,0.559224102352456,0.133731789316399,0.0727272727272727,0.69802371541502,0.019235836627141,0.389762011674899,0.241131567130669,0.020655590480467,0.567161444016859,37,0.615539673813451,0.0258383727322705,0.241891148982958,0.132856881070185,0.327286054608759,0.450381679389313,0.206106870229008,29755,0.124078624078624,0.32013262110886,0.0246969016614279,"2014",2014,6
"417",6013322000,3810.763,0.843998485422189,0.149756888168558,0.0276243093922652,0.858563535911602,0.00972375690607735,0.473255813953488,0.288759689922481,0.0209302325581395,0.482449358280501,42.7,0.759857739291789,0.036956857893923,0.120457708365548,0.141332920983454,0.208288232565332,0.674031007751938,0.351550387596899,48753,0.101665709362435,0.183379758588672,0.153100775193798,"2014",2014,1
"418",6013323000,6462.384,0.85546875,0.113836186950486,0.0502364066193853,0.787234042553192,0.0328014184397163,0.590569292696952,0.381828637147786,0.00517538815411156,0.468018394648829,38.5,0.838419732441472,0.000209030100334448,0.0817307692307692,0.147157190635452,0.101588628762542,0.763082231167338,0.295572167912593,38721,0.129095163806552,0.116045245077503,0.093156986774008,"2014",2014,6
"419",6013324001,9036.896,0.153846153846154,0.336479010738692,0.0836202656173143,0.785784554845057,0.0108214461387113,0.331128133704735,0.145891364902507,0.00313370473537604,0.478558225508318,33.2,0.602402957486137,0.0277264325323475,0.25822550831793,0.141589648798521,0.370055452865065,0.162952646239554,0.221796657381616,44388,0.0264036418816388,0.258607922991485,0.0358635097493036,"2014",2014,4
"420",6013324002,6566.488,0.343457943925234,0.144039112448289,0.0437116564417178,0.78680981595092,0.0132924335378323,0.340770791075051,0.17606490872211,0.00608519269776876,0.436600276079669,43.3,0.769276276868468,0.0337211595346086,0.136067836718596,0.133109840268192,0.231315322421613,0.324137931034483,0.268559837728195,44513,0.0682797480941332,0.173228346456693,0.062474645030426,"2014",2014,6
"421",6013325000,4981.672,0.738137082601054,0.153061224489796,0.0231492645285749,0.844948155292983,0.00530503978779841,0.47158836689038,0.296644295302013,0.0058165548098434,0.465923172242875,43.4,0.874137015400956,0.00601876438307665,0.0631970260223048,0.151354221986192,0.118251017879271,0.617002237136465,0.324384787472036,42814,0.0324990661187897,0.164241542379047,0.124384787472036,"2014",2014,1
"422",6013326000,3764.176,0.845196959225985,0.125164690382082,0.0335946248600224,0.75625233296006,0.0261291526689063,0.648068669527897,0.297567954220315,0.0150214592274678,0.443776824034335,48.5,0.893848354792561,0.019170243204578,0.0360515021459227,0.0572246065808298,0.0907010014306152,0.741773962804006,0.386266094420601,44751,0.0389221556886228,0.157712305025997,0.123032904148784,"2014",2014,1
"423",6013327000,2334.053,0.392278524646674,0.122856339612033,0.13239049302691,0.523079945000982,0.00648202710665881,0.367274026438014,0.301536262951054,0.00500178635226867,0.485323683152392,31.1,0.736630478488138,0.00737166599651521,0.0570969039002815,0.409864629406246,0.213108162444713,0.655948553054662,0.197213290460879,27808,0.101547388781431,0.339498726712237,0.0139335476956056,"2014",2014,6
"424",6013328000,5761.152,0.0554414784394251,0.250542299349241,0.0960820895522388,0.646455223880597,0.00932835820895522,0.163279607568325,0.105816398037842,0,0.446920583468395,45,0.589546191247974,0.121150729335494,0.230551053484603,0.170988654781199,0.336304700162075,0.0350385423966363,0.145760336370007,26828,0.177642980935875,0.459209419680404,0.0126138752627891,"2014",2014,4
"425",6013329000,6524.799,0.913226621735468,0.0907093534212178,0.0645973154362416,0.614723154362416,0.00314597315436242,0.527914247431889,0.424743188923627,0.0129522108083966,0.516681299385426,35.1,0.715686274509804,0.0528241147205151,0.0671641791044776,0.304653204565408,0.189932689493708,0.689593568557392,0.264850379633765,27388,0.123450276971775,0.288325471698113,0.0209915140687807,"2014",2014,6
"426",6013330000,6883.757,0.970326409495549,0.123719165085389,0.12691672564284,0.582920500117952,0.00235904694503421,0.445216461785142,0.327097808658471,0.0181721004810262,0.506969540526587,39.3,0.736017897091723,0.0371708828084667,0.0800206504904492,0.294957838582,0.218206849079332,0.624265098877606,0.23730625334046,30745,0.139811912225705,0.277422698220764,0.0400855157669695,"2014",2014,6
"427",6013331000,7034.701,0.73936170212766,0.171311475409836,0.122270742358079,0.659958230491741,0.0146193278906398,0.550280373831776,0.386915887850467,0,0.501370936153545,36.5,0.66849458153806,0.0490925708317013,0.110849980415198,0.194672933803369,0.211646429037733,0.579813084112149,0.235140186915888,30128,0.127639823624971,0.252015329721158,0.0306542056074766,"2014",2014,6
"428",6013332000,6891.475,0.797814207650273,0.09670143783479,0.072200906871294,0.651726543425183,0.00488315312173003,0.535961272475795,0.313623789764869,0,0.475923442642936,41.7,0.768377422894063,0.00365719858588321,0.0753382908691942,0.310130440082896,0.214311837132756,0.707814661134163,0.310165975103734,28491,0.0789606458123108,0.243965837356108,0.0162517289073306,"2014",2014,6
"429",6013333101,5405.644,0.785526315789474,0.146747352496218,0.0957142857142857,0.708928571428571,0.00571428571428571,0.54008152173913,0.330842391304348,0.00407608695652174,0.478718077115673,39.9,0.751126690035053,0.0272909364046069,0.13670505758638,0.188532799198798,0.194041061592389,0.697010869565217,0.24320652173913,30854,0.0885368126747437,0.26711813393529,0.0360054347826087,"2014",2014,6
"430",6013333102,4915.549,0.773040752351097,0.0637305699481865,0.0359765051395007,0.658590308370044,0.0143171806167401,0.511705685618729,0.288963210702341,0,0.505694143167028,42.9,0.804772234273319,0.0477223427331887,0.110086767895879,0.140997830802603,0.132321041214751,0.774581939799331,0.233444816053512,41312,0.111865942028986,0.157694399129962,0.0896321070234114,"2014",2014,6
"431",6013333200,6509.658,0.939050936003483,0.0841974284529241,0.0360381861575179,0.743198090692124,0.00859188544152745,0.596430126251633,0.3147583804963,0,0.500251889168766,42.5,0.782871536523929,0.0129303106633081,0.0486985726280437,0.231570109151973,0.154324097397145,0.725293861558555,0.370918589464519,38253,0.147038801906059,0.167763713080169,0.0513713539399216,"2014",2014,6
"432",6013334001,7912.985,0.662732919254658,0.122294372294372,0.0904796511627907,0.668968023255814,0,0.51984126984127,0.380952380952381,0.00396825396825397,0.483329155176736,39.9,0.709701679618952,0.0584106292303836,0.130859864627726,0.215091501629481,0.173727751316119,0.503968253968254,0.218253968253968,29325,0.0829291949563531,0.223374652162914,0.039021164021164,"2014",2014,6
"433",6013334004,7082.822,0.432917554000608,0.0612535612535613,0.0681214421252372,0.746869070208729,0.0197343453510436,0.381527415143603,0.29079634464752,0,0.483683628318584,40.2,0.671183628318584,0.0613938053097345,0.155143805309735,0.180448008849558,0.200912610619469,0.519582245430809,0.18701044386423,40631,0.156161806208843,0.267422566371681,0.0616840731070496,"2014",2014,6
"434",6013334006,7013.367,0.951289398280802,0.118338229122954,0.027605459057072,0.826923076923077,0.0133374689826303,0.673754556500608,0.374240583232078,0.0121506682867558,0.476585781183482,43.4,0.667305236270754,0.0253299276287782,0.212005108556833,0.101106853980417,0.258620689655172,0.832928311057108,0.373025516403402,43995,0.0530035335689046,0.110897846022606,0.0984204131227217,"2014",2014,6
"435",6013334200,2989.198,0.844483362521891,0.138234370091109,0.0318689232985236,0.898451566438603,0.0592365862441484,0.652842331069002,0.357168394708616,0.00464783696818019,0.475289575289575,48.7,0.814028314028314,0.0240669240669241,0.0956241956241956,0.125096525096525,0.15019305019305,0.757597425813371,0.458705756167322,60559,0.0842163970998327,0.0887812752219532,0.317125491598141,"2014",2014,1
"436",6013335000,4862.95,0.960648148148148,0.0893426930440332,0.0478677110530896,0.684073107049608,0.00609225413402959,0.524901185770751,0.306719367588933,0.0102766798418972,0.533013205282113,40.3,0.767406962785114,0.0267106842737095,0.0936374549819928,0.258403361344538,0.166266506602641,0.695652173913043,0.326482213438735,34999,0.0907067334446299,0.246698679471789,0.0324110671936759,"2014",2014,6
"437",6013336101,18723.2,0.244207889793363,0.145087235996327,0.31966053748232,0.408062234794908,0.00318246110325318,0.433444816053512,0.548494983277592,0.00468227424749164,0.496837944664032,27.9,0.629249011857708,0.0646245059288538,0.112450592885375,0.581225296442688,0.430434782608696,0.139130434782609,0.0949832775919732,16510,0.144798136645963,0.63391442155309,0.0147157190635452,"2014",2014,5
"438",6013336102,29248.14,0.128046562386322,0.234536803806325,0.358256782738731,0.372569963682974,0.0136722922452467,0.315356113627007,0.446685878962536,0.0358172087278716,0.553688141923436,30.3,0.597038815526211,0.0744297719087635,0.131919434440443,0.627050820328131,0.510337468320662,0.0732811856731165,0.0354055166735282,16584,0.109641740803078,0.630417335473515,0,"2014",2014,5
"439",6013336201,8532.521,0.837115072933549,0.140672782874618,0.287453874538745,0.494833948339483,0,0.52946273830156,0.389948006932409,0,0.516638328880253,35.4,0.667476317707068,0,0.0995870779693952,0.576147680349769,0.389846975953364,0.640381282495667,0.128249566724437,22406,0.0964513193812557,0.372844304104931,0.00866551126516464,"2014",2014,5
"440",6013336202,22797.99,0.20157215047726,0.130683989300726,0.452678571428571,0.333630952380952,0.00833333333333333,0.570743405275779,0.637290167865707,0,0.51511647117132,28.2,0.571782587146869,0.0571617379811664,0.0239550636048241,0.591772674706757,0.494300346935404,0.150479616306954,0.0779376498800959,13947,0.0922619047619048,0.620843672456576,0,"2014",2014,5
"441",6013337100,3205.121,0.836012861736334,0.108158220024722,0.0376068376068376,0.803846153846154,0.0145299145299145,0.644425675675676,0.336993243243243,0,0.470399533391659,43.6,0.749781277340333,0.0186643336249635,0.131525226013415,0.281714785651794,0.207349081364829,0.804054054054054,0.297297297297297,36915,0.105039787798408,0.197236919459142,0.0650337837837838,"2014",2014,6
"442",6013337200,6275.756,0.509897828863346,0.136610460131466,0.125570776255708,0.650158061116965,0.00403933965577801,0.520281595709018,0.289306067717063,0.00435802883003688,0.460703205791107,42.1,0.755558428128232,0.0579110651499483,0.124095139607032,0.231644260599793,0.206695966907963,0.649346295675495,0.295005028494804,30669,0.116485686080948,0.223067681217461,0.0211196781763326,"2014",2014,6
"443",6013337300,3349.329,0.863925392115303,0.151731524455552,0.0297820823244552,0.841646489104116,0.0358353510895884,0.711359404096834,0.32635009310987,0.0148975791433892,0.508663366336634,48.2,0.75512729844413,0.0357142857142857,0.114922206506365,0.12535360678925,0.148338048090523,0.80074487895717,0.466945996275605,56962,0.0562396006655574,0.0769504176292874,0.221135940409683,"2014",2014,1
"444",6013338101,10819.22,0.504461942257218,0.0939437291368622,0.213397129186603,0.530462519936204,0,0.459212778094695,0.347974900171135,0,0.501679966400672,36,0.611507769844603,0.0585888282234355,0.0686686266274674,0.426921461570769,0.363292734145317,0.464917284654877,0.177980604677695,22458,0.116212921576595,0.474185357596276,0.00570450656018254,"2014",2014,5
"445",6013338102,5813.181,0.955276030747729,0.149744753261486,0.0394736842105263,0.761695906432749,0.00694444444444444,0.73609022556391,0.398496240601504,0,0.456399248725517,41.3,0.733297558357929,0.0163670512476523,0.150791521330829,0.19398980413201,0.163938824792058,0.893984962406015,0.323308270676692,40803,0.126999515269026,0.0718321226795803,0.123308270676692,"2014",2014,6
"446",6013338201,2478.193,0.862611073137389,0.216469120399251,0.0499816244027931,0.843072399852995,0.0312385152517457,0.62705798138869,0.238367931281317,0.00930565497494631,0.453231292517007,49,0.79109977324263,0.00481859410430839,0.144274376417234,0.101757369614512,0.208333333333333,0.885468861846815,0.458124552612742,49561,0.0574052812858783,0.129839883551674,0.148174659985684,"2014",2014,1
"447",6013338203,7771.868,0.290155440414508,0.306920415224913,0.011801730920535,0.887752425911356,0.031209021767637,0.377203290246769,0.163337250293772,0.00861731296513905,0.506041666666667,37.7,0.716875,0.0229166666666667,0.169583333333333,0.0458333333333333,0.2075,0.423031727379553,0.371719545632589,55394,0.0960434913923286,0.116875,0.141010575793184,"2014",2014,6
"448",6013338204,6024.93,0.64555633310007,0.292606516290727,0.00808122668876917,0.917322834645669,0.0441359303771239,0.480148423005566,0.21113172541744,0.00779220779220779,0.452447667710565,41.9,0.737102357013351,0.00659304433822317,0.198945112905884,0.0525795285973298,0.287291907038075,0.613729128014842,0.36178107606679,48262,0.0517592323349811,0.0776330970825779,0.0849721706864564,"2014",2014,1
"449",6013338301,3960.849,0.886910062333036,0.130468150422103,0.0213061602593793,0.885595182955072,0.032422417786012,0.663542642924086,0.344892221180881,0.028116213683224,0.470216306156406,50.4,0.803993344425957,0.00399334442595674,0.146089850249584,0.108153078202995,0.195008319467554,0.883786316776007,0.544517338331771,58268,0.0516739446870451,0.1640625,0.28116213683224,"2014",2014,1
"450",6013338302,2354.312,0.940589569160998,0.150345831816527,0.0251732101616628,0.908775981524249,0.0203233256351039,0.742569730224051,0.407407407407407,0,0.465286831812256,47.2,0.775423728813559,0.0255867014341591,0.0863754889178618,0.128096479791395,0.13771186440678,0.888888888888889,0.505258344764518,56887,0.0623962827746432,0.103770491803279,0.233196159122085,"2014",2014,1
"451",6013339001,7581.809,0.0224775224775225,0.177483443708609,0.0461912479740681,0.879659643435981,0.0239059967585089,0.228023441662227,0.168353755993607,0.0026638252530634,0.506780660377358,31.4,0.729068396226415,0.044811320754717,0.170106132075472,0.195459905660377,0.356721698113208,0.0942994139584443,0.188066062866276,43106,0.0470588235294118,0.308419497784343,0.0367607884922749,"2014",2014,4
"452",6013339002,7129.558,0.121964833938041,0.246859479988314,0.0683688541886474,0.812407680945347,0.0282760075965394,0.263411693791441,0.152802893309222,0.00482218203737191,0.418325382464221,36.6,0.750781378516203,0.0825793716071722,0.146076657344958,0.117453528540878,0.332455996051982,0.257986738999397,0.286015672091621,48788,0.0521529820807703,0.249054120743543,0.0738396624472574,"2014",2014,6
"453",6013340001,5496.656,0.618124258013455,0.201269841269841,0.0344250537891465,0.880229500358594,0.0145828352856801,0.486075949367089,0.278481012658228,0.0215189873417722,0.500781928757602,39.1,0.789748045178106,0.0147697654213727,0.111381407471764,0.165942658557776,0.256472632493484,0.589029535864979,0.392405063291139,47337,0.0563583815028902,0.196591707659873,0.132067510548523,"2014",2014,1
"454",6013340002,2801.122,0.920275590551181,0.206708481047178,0.0123884131900164,0.890690471852796,0.0433594461650574,0.571378340365682,0.287974683544304,0.00386779184247539,0.522657770364192,46.2,0.83472338059494,0,0.109396719488463,0.0594940227967751,0.172782874617737,0.74507735583685,0.491209563994374,53761,0.0934761441090555,0.107078292309832,0.219760900140647,"2014",2014,1
"455",6013341000,3506.537,0.653623188405797,0.120704467353952,0.00507311250373023,0.824828409430021,0.0140256639809012,0.582428940568475,0.350904392764858,0,0.446439024390244,39.6,0.827512195121951,0.0119024390243902,0.0610731707317073,0.0739512195121951,0.105951219512195,0.645478036175711,0.371576227390181,51917,0.0700708162504659,0.122528870620474,0.195865633074935,"2014",2014,1
"456",6013343001,4968.882,0.535440180586907,0.167655199683669,0.00819209039548023,0.887853107344633,0.00536723163841808,0.408874045801527,0.323950381679389,0.00620229007633588,0.474767864352039,40.4,0.832256762212354,0.00767056923698022,0.11324182478805,0.0964876867178038,0.247476786435204,0.44131679389313,0.298664122137405,42770,0.0724689165186501,0.180417595783499,0.125954198473282,"2014",2014,1
"457",6013343002,3592.92,0.647086914995224,0.183253588516746,0.0267804590935845,0.885520894643908,0.0429664508534432,0.568947906026558,0.306945863125638,0,0.462074793999577,46.4,0.83266427213184,0.0021128248468202,0.0868371012043102,0.154236213817875,0.181702936826537,0.675689479060266,0.447395301327886,60295,0.0978214438274242,0.104298494435959,0.158835546475996,"2014",2014,1
"458",6013343003,1781.867,0.865965834428384,0.130094043887147,0.00284596229099964,0.909996442547136,0.0281038776236215,0.695156695156695,0.46011396011396,0,0.471857178279197,47.1,0.875278948673444,0.00297545251673692,0.0776097198115547,0.03868088271758,0.0974460699231341,0.793447293447293,0.512108262108262,55327,0.0822429906542056,0.0547979171832383,0.262108262108262,"2014",2014,1
"459",6013345101,6639.602,0.688118811881188,0.059971611071682,0.0274009044958766,0.876296887470072,0.0127693535514765,0.596033402922756,0.444154488517745,0,0.505227108868061,37.9,0.649963950973324,0.0510093727469358,0.261175198269647,0.131759192501802,0.230533525594809,0.69258872651357,0.256263048016701,43825,0.0525980235894166,0.0436901967864235,0.135699373695198,"2014",2014,6
"460",6013345102,5575.397,0.994295028524857,0.0238227146814404,0.0420801905518063,0.848749503771338,0.0230250099245732,0.743276283618582,0.481662591687042,0,0.507696321419254,41.5,0.717714583876859,0.00026089225150013,0.182885468301591,0.130707018001565,0.181581007044091,0.886715566422168,0.344743276283619,43075,0.0834532374100719,0.128619879989564,0.19641401792991,"2014",2014,6
"461",6013345103,3862.053,0.793047256925584,0.0710612435717625,0.0316323485526708,0.811698000596837,0.0131304088331841,0.643521049753964,0.333515582285402,0,0.456953642384106,46.7,0.717094370860927,0.00165562913907285,0.182533112582781,0.0738824503311258,0.169288079470199,0.779661016949153,0.466921815199563,50181,0.0784648187633262,0.138687642310081,0.216511755057408,"2014",2014,6
"462",6013345105,4676.845,0.902904564315353,0.0495185694635488,0.0522454424188528,0.832592263228101,0.0184526456202757,0.634488810881966,0.432207108380869,0.00658183413777973,0.47413150439839,43.4,0.820784255255703,0.00775309378261518,0.103473982406441,0.0902042642015804,0.111972565975846,0.755155770074594,0.414216761737604,48178,0.0258192651439921,0.135312546620916,0.193505923650724,"2014",2014,1
"463",6013345108,2547.606,0.679377669310555,0.0541535226077813,0.00354260972249557,0.939972446368825,0.0346388506199567,0.57487922705314,0.349436392914654,0.00257648953301127,0.504820455498114,41.3,0.579153276512505,0.0294816263797681,0.305155791532765,0.0842531787061618,0.287131479670253,0.752979066022544,0.322705314009662,67870,0.0399118511263467,0.0217968422523404,0.267632850241546,"2014",2014,6
"464",6013345111,6060.922,0.549159449821702,0.215311004784689,0.0460890176455096,0.867526994996049,0.0229128259151962,0.678609062170706,0.478398314014752,0,0.567186067827681,34.6,0.414848762603116,0.0135655362053162,0.478826764436297,0.0966086159486709,0.394867094408799,0.528451001053741,0.368809272918862,45613,0.0669132481506389,0.127956003666361,0.157007376185458,"2014",2014,1
"465",6013345112,2104.767,0.531012404961985,0.0637778455904791,0.014328634157615,0.912641553039057,0.0207996302287959,0.601722723543888,0.503281378178835,0.007383100902379,0.498303584599498,38,0.492403009293406,0.0122436937601416,0.443280719870187,0.132025372473816,0.382209765452132,0.475389663658737,0.255947497949139,54395,0.0697611292073833,0.0700872393908029,0.25512715340443,"2014",2014,1
"466",6013345113,2090.895,0.990572390572391,0.0625916870415648,0.00672043010752688,0.931451612903226,0.0352822580645161,0.76,0.435254237288136,0.00610169491525424,0.479354094579008,46.1,0.751787773933103,0.0382929642445213,0.178085351787774,0.0687427912341407,0.187312572087659,0.923389830508475,0.495593220338983,61245,0.0398313027179007,0.0215028901734104,0.280677966101695,"2014",2014,6
"467",6013345114,2968.549,0.96045197740113,0.0557286258220838,0.0172768408062526,0.874125874125874,0.0267379679144385,0.693785310734463,0.263653483992467,0.00677966101694915,0.450974374712291,50.2,0.894123062758938,0.00214822771213749,0.085008439466012,0.0580021482277121,0.108485499462943,0.966854990583804,0.540112994350282,78480,0.0697153821554205,0.0418461538461538,0.340112994350282,"2014",2014,1
"468",6013345115,946.9816,0.879417879417879,0.0675675675675676,0.0186120712576442,0.903483116192502,0.0135602233448551,0.792792792792793,0.4827768945416,0.0238473767885533,0.499742400824317,42,0.626137729692598,0.00429331959471063,0.303795294521724,0.0674909840288511,0.252790657736562,0.781134075251722,0.432432432432432,57962,0.0545571245186136,0.0829469345698094,0.350821409644939,"2014",2014,6
"469",6013345116,5994.8,0.993478260869565,0.0572413793103448,0.0242301867743564,0.842503785966684,0.0206966178697627,0.770419426048565,0.502207505518764,0.00772626931567329,0.487135506003431,41.9,0.621955403087479,0.000686106346483705,0.27409948542024,0.072041166380789,0.254888507718696,0.806843267108168,0.359823399558499,45158,0.0493589743589744,0.0519793459552496,0.209713024282561,"2014",2014,6
"470",6013345202,2950.281,0.597033000302755,0.0483608463148105,0.030356512530886,0.892516766678433,0.0427109071655489,0.565769111730115,0.396781182296503,0.00928505106778087,0.456461519932555,38.5,0.649524268336746,0.0224015416114657,0.225219800072263,0.0715404070817777,0.235938817294954,0.544413494274218,0.29619312906221,51381,0.0923170980232321,0.0822232986195205,0.17951098731043,"2014",2014,6
"471",6013345203,643.4612,0.781870711448176,0.100933287245074,0.0289193302891933,0.863666014350946,0.0132637529897804,0.600531107738999,0.30690440060698,0.00531107738998483,0.466666666666667,46.6,0.854616588419405,0.00625978090766823,0.0726134585289515,0.037245696400626,0.0618153364632238,0.716616084977238,0.372154779969651,64077,0.0621216948072635,0.0741148701809599,0.228755690440061,"2014",2014,1
"472",6013345204,668.9178,1,0.157529493407356,0.0125,0.905241935483871,0.0100806451612903,0.784235668789809,0.386146496815287,0,0.519023878247179,42.8,0.983993702440304,0,0.00498556809236421,0.0327997900813435,0.0472316977171346,0.921974522292994,0.54140127388535,67344,0.0890736342042755,0.0348989766465495,0.371019108280255,"2014",2014,1
"473",6013346101,1038.687,0.957863054928518,0.134005763688761,0.00197628458498024,0.899209486166008,0.0237154150197628,0.763921568627451,0.324705882352941,0.00862745098039216,0.506137596345989,46.9,0.846417356551527,0,0.12846131886954,0.0482443619754496,0.12846131886954,0.882352941176471,0.574117647058824,78544,0.0869289340101523,0.0565229803025978,0.412549019607843,"2014",2014,1
"474",6013346102,692.7362,1,0.0665869218500797,0.0199795081967213,0.932633196721312,0.0294569672131148,0.802991232594121,0.389375966993296,0,0.491886964448496,49,0.872926162260711,0.00820419325432999,0.087693710118505,0.0452142206016408,0.124156791248861,0.962351727694688,0.540484785972151,83347,0.0327245053272451,0.0461538461538462,0.435791645177927,"2014",2014,1
"475",6013346201,1167.193,0.930166607585962,0.072355613238157,0.00761272691782159,0.889908256880734,0.0341596720671482,0.66968489677653,0.321260412893879,0,0.502909393183707,47.9,0.887642006095871,0.00443336104183985,0.0635910224438903,0.0235522305347742,0.086450540315877,0.838102136906918,0.546541108294096,90734,0.0632646971053417,0.140024954942465,0.354581673306773,"2014",2014,1
"476",6013346203,3344.293,1,0.120451693851945,0.000766871165644172,0.909509202453988,0.0429447852760736,0.722060957910015,0.372278664731495,0,0.459951781409054,46.2,0.90624162871685,0.000267881060809001,0.0934904902223413,0.0375033485132601,0.137155103134208,0.972423802612482,0.459361393323657,59691,0.0641833810888252,0.0706609349811929,0.276487663280116,"2014",2014,1
"477",6013346204,1507.041,0.971933871587851,0.0628623741226732,0.0158564573336115,0.911329021489672,0.0200292092635093,0.760078277886497,0.511545988258317,0.00665362035225049,0.47214889123548,43,0.797914466737064,0.00237592397043295,0.160242872228089,0.0752375923970433,0.183738120380148,0.883365949119374,0.526027397260274,70766,0.0996536104449774,0.0417106652587117,0.442270058708415,"2014",2014,1
"478",6013347000,610.9267,0.910103092783505,0.134854771784232,0.00809889173060529,0.950127877237852,0.0471014492753623,0.646321070234114,0.332775919732441,0.00668896321070234,0.484242521196609,50,0.789953607422812,0.0129579267317229,0.124940009598464,0.0811070228763398,0.116461366181411,0.861204013377926,0.552675585284281,80249,0.0515237197612315,0.0948234155781326,0.331103678929766,"2014",2014,1
"479",6013348000,1234.271,1,0.153020892151327,0.0457616707616708,0.90509828009828,0.0586609336609337,0.767597087378641,0.396844660194175,0,0.501393952391164,47.3,0.85288440917864,0.00257345056830367,0.0776324254771606,0.0602616341411109,0.111516191293159,0.868932038834951,0.561893203883495,79053,0.0756729304215338,0.0617735686612139,0.406553398058252,"2014",2014,1
"480",6013349000,3629.685,0.666160849772382,0.230630630630631,0.0181482620732082,0.868040602891418,0.0375269147954476,0.564430244941427,0.415867944621938,0,0.435448577680525,40.4,0.787746170678337,0.0441615277501492,0.102645713148995,0.139248060473443,0.213049532524368,0.580937167199148,0.390308839190628,49071,0.0651993355481728,0.219051446945338,0.203407880724175,"2014",2014,1
"481",6013350000,1900.714,0.628593628593629,0.215336463223787,0.0104879160966712,0.91358869129047,0.0535795713634291,0.536575398447078,0.3334695545566,0,0.487452350698856,39.1,0.778907242693774,0.0600381194409149,0.10705209656925,0.0825921219822109,0.127223634053367,0.588475684511647,0.435635472006539,55611,0.0462717359269083,0.156419241796751,0.248876174908051,"2014",2014,1
"482",6013351101,2494.493,0.238004750593824,0.0593220338983051,0.010530579181855,0.823410287565816,0.0473876063183475,0.297849462365591,0,0.00913978494623656,0.3167274200081,77.9,0.87282300526529,0.00324017820980154,0.10530579181855,0.0186310247063588,0.164844066423653,0.919354838709677,0.599462365591398,49057,0.187376725838264,0.223572296476306,0.0279569892473118,"2014",2014,1
"483",6013351102,3812.337,0.210492227979275,0.0920810313075506,0.0424057649667406,0.774944567627494,0.0174611973392461,0.319615384615385,0.00461538461538462,0.00461538461538462,0.35337726523888,75.3,0.817682591982427,0.00411861614497529,0.152663371773751,0.0513454146073586,0.233113673805601,0.854230769230769,0.551153846153846,42935,0.110576923076923,0.180129468055165,0.045,"2014",2014,1
"484",6013351103,1691.202,0.327439886845827,0.129518072289157,0.0233858668022369,0.888154550076258,0.0482968988307067,0.286936236391913,0,0,0.365853658536585,76.6,0.921747967479675,0.000508130081300813,0.0604674796747968,0.170223577235772,0.289126016260163,0.936236391912908,0.667185069984448,55082,0,0.159021406727829,0.0606531881804044,"2014",2014,1
"485",6013351200,1680.018,0.985792850595784,0.206440957886045,0.0181680545041635,0.915215745647237,0.032551097653293,0.709421641791045,0.363805970149254,0.0158582089552239,0.472131147540984,46.4,0.860224331320104,0,0.106125970664366,0.0702329594477998,0.114408973252804,0.946828358208955,0.597014925373134,67687,0.0720149253731343,0.0598408855067451,0.368936567164179,"2014",2014,1
"486",6013352101,740.0227,0.959667852906287,0.208448117539027,0.0332922318125771,0.93403205918619,0.0672009864364981,0.741275571600481,0.306859205776173,0.00962695547533093,0.469674772927044,21.5,0.756519191327278,0.0656314093173161,0.0966891297978318,0.089950190448286,0.116612950483446,0.895306859205776,0.631768953068592,50990,0.122336227308603,0.0836431226765799,0.381468110709988,"2014",2014,1
"487",6013352102,640.9643,0.937400530503979,0.202233745512565,0.0067330999192028,0.95152168058174,0.0517102073794775,0.811290322580645,0.395161290322581,0.00752688172043011,0.50373069581815,45,0.819191393371508,0.00589970501474926,0.13256984209613,0.0737463126843658,0.10758285615131,0.91989247311828,0.538709677419355,72192,0.0458100558659218,0.0182166826462128,0.398387096774194,"2014",2014,1
"488",6013352201,2168.061,0.694727891156463,0.182917002417405,0.0513663967611336,0.907135627530364,0.0703441295546559,0.623797025371829,0.342082239720035,0,0.480165574335978,45.2,0.779924111762677,0.00534667126595378,0.167816488444291,0.0879613659882718,0.143152811314246,0.727034120734908,0.493875765529309,58945,0.0682908822443706,0.111458333333333,0.285651793525809,"2014",2014,1
"489",6013352202,477.5672,0.847663551401869,0.0909090909090909,0.0219721329046088,0.893354769560557,0.0546623794212219,0.56,0.282926829268293,0,0.482880755608028,52.7,0.763478945297127,0.020857929948839,0.153876426603699,0.0535222353404172,0.155450609996065,0.733658536585366,0.503414634146341,59304,0.0896184560780834,0.0936359951357925,0.240975609756098,"2014",2014,1
"490",6013353001,703.0914,0.948584202682563,0.229588704726826,0.0114579217700514,0.961675227182932,0.0809956538917424,0.760690172543136,0.32258064516129,0.00825206301575394,0.511272141706924,44.4,0.773215244229737,0.0601180891035964,0.0899087493290392,0.011808910359635,0.135802469135802,0.948237059264816,0.523630907726932,79389,0.0849162011173184,0.0265700483091787,0.431357839459865,"2014",2014,1
"491",6013353002,2149.621,0.985372340425532,0.128364389233954,0.0216707444949318,0.907375043691017,0.0443900734009088,0.687919463087248,0.365771812080537,0.0140939597315436,0.499408284023669,46.3,0.789585798816568,0.00994082840236686,0.117159763313609,0.122603550295858,0.128757396449704,0.925503355704698,0.570469798657718,90721,0.0480863591756624,0.0526690391459075,0.411409395973154,"2014",2014,1
"492",6013354001,358.3398,1,0.12621359223301,0,0.947955390334573,0.0728624535315985,0.653370013755158,0.375515818431912,0,0.496848739495798,46.6,0.857668067226891,0.0131302521008403,0.0824579831932773,0.0215336134453782,0.118172268907563,0.946354883081155,0.552957359009629,82305,0.0659448818897638,0.0309873949579832,0.436038514442916,"2014",2014,1
"493",6013354002,1126.8,0.942398119122257,0.218593930080676,0.00890207715133531,0.949342941924544,0.0468418821534549,0.711020408163265,0.30734693877551,0,0.479002210293653,48.8,0.791127249763183,0.000789390590464162,0.105304704767919,0.0495737290811494,0.188822229239027,0.833061224489796,0.610612244897959,98537,0.034407027818448,0.0697268106734435,0.449795918367347,"2014",2014,1
"494",6013355107,160.3393,0.909840895698291,0.0306291390728477,0.12396694214876,0.59366391184573,0,0.682276229994072,0.331357439241257,0.00592768227622999,0.502558048012594,42.7,0.598780007870917,0.094254230617867,0.136953955135773,0.299488390397481,0.197953561589925,0.847065797273266,0.205690574985181,33555,0.116304347826087,0.16725768321513,0.0592768227622999,"2014",2014,6
"495",6013355108,1642.698,0.961887477313975,0.0714410175988848,0.0608552631578947,0.729323308270677,0.0093984962406015,0.606508066721356,0.46322121957889,0.00792999726551818,0.510036101083033,37.5,0.31884476534296,0.249963898916968,0.186714801444043,0.287292418772563,0.264332129963899,0.771123872026251,0.23489198796828,29179,0.113338139870224,0.260999200058178,0.122778233524747,"2014",2014,6
"496",6013355109,6915.307,0.913685152057245,0.0665859564164649,0.11810869138709,0.627427898763979,0.00882872277810477,0.666368515205724,0.374776386404293,0.00268336314847943,0.454288175218408,38.7,0.441737418481605,0.214593330872401,0.10865017841762,0.265288544358312,0.218161683277962,0.843470483005367,0.255366726296959,28659,0.162029881504379,0.272602739726027,0.0679785330948122,"2014",2014,6
"497",6013355110,5671.432,0.990632318501171,0.0329067641681901,0.103309481216458,0.659212880143113,0.0317531305903399,0.678665496049166,0.488147497805092,0,0.527657405047158,30.4,0.325771093550854,0.24929900586286,0.12490440989039,0.291103747132297,0.241906704053021,0.625109745390694,0.153643546971027,26618,0.213793103448276,0.266377772113179,0.0377524143985953,"2014",2014,6
"498",6013355111,7114.829,0.891523713420787,0.0859046283309958,0.0737014506317267,0.698175011698643,0.00514740290126345,0.600651112316875,0.481280520889854,0,0.513968114670177,33.6,0.511627906976744,0.208717273658037,0.153429866900687,0.273072985227439,0.202720491443616,0.665219750406945,0.0982094411285947,27817,0.175679462034183,0.295158695334211,0.0770482908301682,"2014",2014,6
"499",6013355112,50.18729,0.979272224781207,0.0235393022278268,0.0279400558801118,0.86741173482347,0.0447040894081788,0.661000944287063,0.256846081208687,0.0136921624173749,0.524638828418761,52.1,0.869582426281417,0.0186028102117554,0.0955867801306155,0.0680783692855729,0.225212744904017,0.879603399433428,0.521718602455146,99785,0.0196560196560197,0.0986709625453081,0.466477809254013,"2014",2014,1
"500",6013355113,2262.36,0.954861111111111,0.0606673407482305,0.0293398533007335,0.905562347188264,0.0323960880195599,0.853172205438066,0.393957703927492,0.00906344410876133,0.504716981132076,49.6,0.657590051457976,0.0293739279588336,0.274442538593482,0.0490994854202401,0.25557461406518,0.894864048338369,0.612084592145015,70809,0.0389423076923077,0.093696397941681,0.345015105740181,"2014",2014,6
"501",6013355114,3626.649,0.910598819229688,0.0671731307477009,0.0143790849673203,0.882643427741467,0.0384894698620189,0.710982658959538,0.572832369942197,0.0115606936416185,0.475367017923084,38.8,0.501756282085923,0.0279203818787715,0.412320994325858,0.0564712239935153,0.302620913266685,0.834393063583815,0.408092485549133,58003,0.040239565787011,0.0585232452142206,0.320520231213873,"2014",2014,1
"502",6013355115,5819.383,0.389910667367315,0.0747514910536779,0.06432,0.81984,0.00544,0.532402234636872,0.505586592178771,0,0.444715599774733,32,0.377698516988924,0.10981790876666,0.412427257368125,0.138914961516801,0.41449220949878,0.308938547486033,0.205586592178771,35879,0.069593147751606,0.207433827670359,0.106703910614525,"2014",2014,6
"503",6013355116,1211.523,0.939220779220779,0.0669781931464174,0.0327183271832718,0.944649446494465,0.0595325953259533,0.900473933649289,0.753554502369668,0,0.516268355888281,36.1,0.188309818600633,0.00978980708321336,0.714367981572128,0.0407428735963144,0.441693060754391,0.888362295945234,0.418641390205371,61832,0.0351493848857645,0.0133890008638065,0.530279094260137,"2014",2014,10
"504",6013355117,2350.033,0.954816285998014,0.108900523560209,0.0141826324956457,0.943518288131376,0.070415526250311,0.880574064582266,0.783188108662225,0,0.508624316365166,35.3,0.230402468097041,0.0122002524190156,0.709577899312859,0.0192118917402889,0.438367690366008,0.913890312660174,0.357252690927729,48714,0.0552631578947368,0.0385640162670032,0.377242439774475,"2014",2014,10
"505",6013355200,669.093,0.731443491234614,0.153076923076923,0.0884749708963912,0.727202173069461,0.00679084206441599,0.580235720761559,0.485040797824116,0.0117860380779692,0.490800659814744,34.7,0.247049866768177,0.127648775536099,0.425453622636721,0.208983631518843,0.359725923106205,0.580689029918404,0.273798730734361,32790,0.126290358005711,0.189950513894176,0.110607434270172,"2014",2014,6
"506",6013355301,2181.507,0.910825815405968,0.101912496725177,0.0276253201609952,0.767288693743139,0.0107939992682034,0.602706453851492,0.359472588480222,0.00451075641915337,0.47927493978958,41.5,0.693877551020408,0.0505767524401065,0.120547597921156,0.114716694131069,0.179490429712258,0.808466342817488,0.280360860513532,48031,0.0838130324660373,0.202940803650653,0.179042331714087,"2014",2014,6
"507",6013355302,1261.904,0.993506493506494,0.159533073929961,0.00406008932196508,0.924482338611449,0.0267965895249695,0.828358208955224,0.416252072968491,0,0.511660188784009,47.6,0.775402554136591,0.0169350360910605,0.166851749028318,0.0330372015546918,0.216268739589117,0.948590381426202,0.646766169154229,63322,0.0893592004703116,0.0347415230683713,0.380597014925373,"2014",2014,1
"508",6013355304,2099.088,0.849907350216183,0.0983161325366649,0.0143566111308047,0.812655086848635,0.0118752215526409,0.599743425272611,0.314624759461193,0.00352790250160359,0.505280362081971,45,0.796957505657531,0.0284133769172743,0.0867488056323862,0.102967060598441,0.185064118682424,0.906350224502886,0.428800513149455,52239,0.0970220941402498,0.0912183444626433,0.186337395766517,"2014",2014,1
"509",6013355306,191.5217,0.959020755721128,0.0960792761740629,0.010171461784365,0.8546934030805,0.00581226387678001,0.733853006681514,0.30456570155902,0,0.477735240781785,47.4,0.889582913560347,0.00382832963933105,0.0449325005037276,0.0910739472093492,0.0503727584122507,0.917037861915368,0.429287305122494,54306,0.0663488279698053,0.0449325005037276,0.211024498886414,"2014",2014,1
"510",6013356001,686.8674,0.893456375838926,0.0384990253411306,0.0713795470144132,0.67433081674674,0.0195607412491421,0.628372497824195,0.385552654482158,0,0.48074179743224,40.6,0.398953875416072,0.144793152639087,0.326438421302901,0.231811697574893,0.345696623870661,0.828546562228024,0.177545691906005,28802,0.0408621463852717,0.211652794292509,0.0896431679721497,"2014",2014,6
"511",6013356002,136.7722,0.85562015503876,0.0345923049770561,0.0767269946469539,0.778740759622738,0.0193729288809584,0.556690500510725,0.325842696629214,0.00612870275791624,0.48900017885888,42.4,0.410659989268467,0.181899481309247,0.272402074763012,0.156143802539796,0.214272938651404,0.774259448416752,0.402451481103166,47596,0.077314667515113,0.107584722969338,0.202247191011236,"2014",2014,6
"512",6013357000,784.5469,0.670263788968825,0.123883263847528,0.0649847094801223,0.634556574923547,0.00726299694189602,0.438070404172099,0.222294654498044,0.0169491525423729,0.465915826911678,45.3,0.828689982216953,0.00652045050385299,0.013040901007706,0.204801422643746,0.0826911677534084,0.502607561929596,0.367666232073012,42763,0.0593089221248066,0.17990515708358,0.076271186440678,"2014",2014,6
"513",6013358000,2141.724,0.71245247148289,0.115485564304462,0.162575877540248,0.563737133808393,0.00237529691211401,0.419605809128631,0.386929460580913,0,0.458428146332925,33.4,0.56782776124628,0.123752844389988,0.206371433572554,0.195168913005426,0.266584981620865,0.521265560165975,0.223029045643154,26560,0.149306789904017,0.312105263157895,0.0238589211618257,"2014",2014,6
"514",6013359102,7140.24,0.692579505300353,0.107587314331594,0.146175933176716,0.622291829809449,0.0133124510571652,0.473769605191996,0.357490535424554,0.0237966468361276,0.506996026947659,36.9,0.429435135602004,0.174296078770081,0.228882363102436,0.275868025565728,0.240283295906029,0.651703623580314,0.263385613845322,24537,0.1,0.283269297939225,0.0194699837750135,"2014",2014,3
"515",6013359103,4941.569,0.725982016090866,0.0407751312071054,0.126141078838174,0.689903181189488,0.016597510373444,0.495656617271334,0.302503832396525,0.00408788962698007,0.495996715253541,42.9,0.468486963662492,0.139807021145555,0.258879080270992,0.163826729624307,0.245124204475467,0.642309657639244,0.25855901890649,38778,0.0682670667666917,0.270786286183535,0.0904445579969341,"2014",2014,6
"516",6013359104,7649.205,0.611578947368421,0.133390705679862,0.049490538573508,0.821688500727802,0.00363901018922853,0.434628975265018,0.362779740871614,0.0153121319199058,0.5344,34.4,0.3152,0.176533333333333,0.3904,0.149333333333333,0.239466666666667,0.767962308598351,0.157832744405183,40764,0.060702875399361,0.163733333333333,0.0624263839811543,"2014",2014,6
"517",6013359105,6801.48,0.824015247776366,0.134199134199134,0.0521162349968414,0.830701200252685,0.0451674036639292,0.637748344370861,0.403311258278146,0.056953642384106,0.528364116094987,36.8,0.307607739665787,0.149076517150396,0.390941072999121,0.132145998240985,0.296174142480211,0.840397350993378,0.311258278145695,43993,0.0495720399429387,0.0700132100396301,0.0933774834437086,"2014",2014,6
"518",6013359202,1539.052,0.919982884039367,0.0854234823700473,0.0553846153846154,0.786813186813187,0.00747252747252747,0.59311282283643,0.251019483461713,0,0.471168310212268,48.8,0.60571619588835,0.0611733244191877,0.225806451612903,0.231322079224469,0.22563931138225,0.854100589034889,0.442229270502945,40823,0.0820629257216996,0.0756992128621671,0.0983235160851835,"2014",2014,6
"519",6013359203,5081.29,0.862670068027211,0.123473541383989,0.0521247644965459,0.745656269625288,0.0198869583420557,0.554319931565441,0.422583404619333,0.0149700598802395,0.454709391038979,39.7,0.309612983770287,0.229851574420863,0.371063947842974,0.169926480787904,0.290331530031905,0.761762189905902,0.25748502994012,30732,0.0538812785388128,0.164579855314413,0.0594525235243798,"2014",2014,6
"520",6013359204,4001.806,0.936393442622951,0.0885328836424958,0.0981087470449173,0.789598108747045,0.00975177304964539,0.669508196721311,0.327213114754098,0.0111475409836066,0.45914315569488,39.6,0.240752351097179,0.131452455590387,0.527690700104493,0.147335423197492,0.395193312434692,0.843934426229508,0.308852459016393,40922,0.0578640776699029,0.0938613031636287,0.123934426229508,"2014",2014,6
"521",6013360101,3417.608,0.912408759124088,0.0364583333333333,0.0684931506849315,0.660050321498462,0.0128599384959463,0.643627140139505,0.346227013316424,0.00570703868103995,0.463215775502465,42.7,0.457717102768297,0.124004550625711,0.209328782707622,0.222032612817596,0.246871444823663,0.80849714648066,0.276474318325935,35183,0.066793893129771,0.224876753886993,0.142675967025999,"2014",2014,6
"522",6013360102,1849.43,0.972204266321913,0.114176974310181,0.0385438972162741,0.784031814010401,0.029060874885286,0.685452162516383,0.287024901703801,0.0072083879423329,0.493984108967083,47.6,0.507604994324631,0.0715096481271283,0.283995459704881,0.187060158910329,0.275595913734393,0.895806028833552,0.422673656618611,48003,0.0982560612505317,0.0918062887307781,0.179554390563565,"2014",2014,6
"523",6013360200,5579.755,0.703027139874739,0.0679948029449978,0.125814678379144,0.625956361575517,0.00226693114196656,0.445983379501385,0.331301939058172,0,0.464241422075238,41.5,0.551054154609343,0.132699462587846,0.202356345597354,0.21537825547747,0.202356345597354,0.581163434903047,0.247091412742382,33146,0.158333333333333,0.217481358740679,0.0914127423822715,"2014",2014,6
"524",6013361000,774.7198,0.700534759358289,0.0869565217391304,0.0728828562997934,0.720861611094718,0.0321628799055769,0.495005549389567,0.362930077691454,0,0.499370012599748,40.5,0.469340613187736,0.133977320453591,0.23162536749265,0.216715665686686,0.317933641327173,0.607103218645949,0.240288568257492,32528,0.0805875347360064,0.300939769329346,0.0660377358490566,"2014",2014,6
"525",6013362000,5850.716,0.945686900958466,0.139123750960799,0.0605095541401274,0.77115559599636,0.0318471337579618,0.446037099494098,0.275716694772344,0.0185497470489039,0.503195425496132,45.1,0.614194416414396,0.118398923646149,0.0884628321560713,0.216279852001345,0.219307097208207,0.827150084317032,0.400505902192243,31104,0.0759322033898305,0.28277027027027,0.0413153456998314,"2014",2014,6
"526",6013363000,4194.184,0.791784702549575,0.114637482900137,0.0852907200616096,0.652676164805545,0.00288794763188294,0.536786786786787,0.23536036036036,0,0.519263217097863,41.3,0.451209223847019,0.255202474690664,0.184195725534308,0.24859392575928,0.235939257592801,0.648273273273273,0.214714714714715,30802,0.0595061728395062,0.203880764904387,0.0608108108108108,"2014",2014,6
"527",6013364002,6812.104,0.835084033613445,0.0934869295525033,0.19031903190319,0.531903190319032,0.0132013201320132,0.505740841990159,0.389283761618371,0,0.483158896289248,37.5,0.53244529019981,0.127878211227402,0.146527117031399,0.357564224548049,0.291912464319696,0.664297430289776,0.136686714051394,24399,0.164473684210526,0.383063748810657,0,"2014",2014,3
"528",6013365002,2666.845,0.608891389983118,0.120979356697072,0.301804604853765,0.414436838830118,0.00404480398257623,0.383812010443864,0.575065274151436,0.0110966057441253,0.460414937759336,26.9,0.401161825726141,0.216763485477178,0.0851452282157676,0.604979253112033,0.393195020746888,0.35509138381201,0.0580939947780679,14794,0.174188998589563,0.597882708788439,0.0261096605744125,"2014",2014,3
"529",6013365003,4865.541,0.289003572846368,0.172917489143308,0.0995873452544704,0.700962861072902,0.0145804676753783,0.312442396313364,0.265437788018433,0,0.391932570740518,35.5,0.372867750351194,0.281757977122216,0.261489062813566,0.198274132048966,0.328918322295806,0.199539170506912,0.0631336405529954,35916,0.0951551063088184,0.19205298013245,0.0792626728110599,"2014",2014,3
"530",6013366001,11568.47,0.814503816793893,0.108222490931076,0.336853220696938,0.42766631467793,0.0038718760999648,0.520066889632107,0.48494983277592,0,0.51426660722247,33.3,0.580249665626393,0.0802496656263932,0.21020954079358,0.544137316094516,0.374721355327686,0.614548494983278,0.101170568561873,17654,0.149397590361446,0.402362906821222,0.00836120401337793,"2014",2014,5
"531",6013366002,14859.08,0.764420485175202,0.141899881750099,0.422952744349868,0.297329028470795,0,0.478684531059683,0.514616321559074,0,0.498145650708024,30.2,0.548718813216453,0.161834120026972,0.124578556979096,0.604012137559002,0.450269723533378,0.40925700365408,0.0633373934226553,16278,0.110920917494009,0.48701955495617,0.01278928136419,"2014",2014,5
"532",6013367100,7248.005,0.606494746895893,0.0814332247557003,0.176488095238095,0.588095238095238,0.00208333333333333,0.291602266872746,0.340546110252447,0,0.466842425471507,35.2,0.288582437639424,0.425471506793754,0.191644696816062,0.242749949300345,0.215980531332387,0.456980937661,0.134466769706337,23056,0.202145214521452,0.398735468080767,0.0262751159196291,"2014",2014,3
"533",6013367200,10232.55,0.603009259259259,0.145,0.330819981149859,0.460885956644675,0.00691171850455545,0.488607594936709,0.382278481012658,0.0139240506329114,0.505832037325039,32.4,0.466757387247278,0.146189735614308,0.253304821150855,0.471423017107309,0.376360808709176,0.459493670886076,0.136075949367089,18964,0.0844498578968737,0.432995714842228,0.0170886075949367,"2014",2014,5
"534",6013368001,17336.65,0.712988826815642,0.15959595959596,0.516129032258065,0.289719626168224,0.00542659029243292,0.626307922272048,0.537369207772795,0.0134529147982063,0.551958123303606,31.5,0.701434664598682,0.0843350135711516,0.042264443582784,0.799340829778984,0.490694067468011,0.544095665171898,0.077727952167414,15886,0.151370679380215,0.53974408685537,0,"2014",2014,5
"535",6013368002,11836.75,0.643543223052295,0.206699346405229,0.444628099173554,0.290358126721763,0,0.441014332965821,0.466372657111356,0.00330760749724366,0.561275323812687,30.8,0.62636997675191,0.0747260046496181,0.136831617402856,0.630355363666556,0.432414480239123,0.443219404630651,0.0264608599779493,15280,0.214769230769231,0.553846153846154,0,"2014",2014,5
"536",6013369001,11325,0.302600472813239,0.213464140730717,0.279000213629566,0.432172612689596,0.00363170262764367,0.362777321281841,0.386606409202958,0,0.453913527040178,34.8,0.441262338384541,0.256082302238287,0.14875573474211,0.39705269011539,0.376894202697067,0.282251437962202,0.149548069022186,16351,0.164532293986637,0.549691267274331,0,"2014",2014,3
"537",6013369002,4308.623,0.603130755064457,0.109637488947834,0.183661645422943,0.57531865585168,0,0.317073170731707,0.347560975609756,0.0365853658536585,0.480239520958084,36.7,0.522954091816367,0.213572854291417,0.074251497005988,0.342914171656687,0.229141716566866,0.576219512195122,0.184959349593496,25572,0.0438799076212471,0.346370967741935,0.0101626016260163,"2014",2014,3
"538",6013370000,6947.837,0.779574468085106,0.221075902726603,0.151362260343088,0.660443995963673,0.0211907164480323,0.568352059925094,0.309925093632959,0.00749063670411985,0.508567262121765,42.5,0.601531170251549,0.111921254101349,0.194677360554138,0.16040831206708,0.275975209624499,0.7312734082397,0.345505617977528,37405,0.0966122961104141,0.227922315866618,0.0945692883895131,"2014",2014,6
"539",6013371000,11427.29,0.819600195026816,0.174334140435835,0.157780784844384,0.646820027063599,0.0124492557510149,0.441492079713848,0.356157383750639,0.00970873786407767,0.449947312961012,35,0.444502985598876,0.15595363540569,0.193010186160871,0.36687741482262,0.324903407095188,0.575370464997445,0.187020950434338,26791,0.0955662073097663,0.353314527503526,0.0296371997956055,"2014",2014,3
"540",6013372000,12276.71,0.845665961945032,0.129041570438799,0.294781382228491,0.469272617368527,0.00261938343743703,0.426889995473065,0.41014033499321,0.0108646446355817,0.462234833130658,36.2,0.525334414268342,0.133495473584651,0.121064720983651,0.567220645858668,0.406972030806648,0.590765052059755,0.152105024898144,20620,0.153066151617576,0.455605259590619,0.0113173381620643,"2014",2014,5
"541",6013373000,11418.71,0.762468300929839,0.148537134283571,0.526706920575941,0.300046446818393,0,0.487875848690592,0.549951503394762,0,0.499725877192982,29.9,0.536184210526316,0.185855263157895,0.0803179824561404,0.759594298245614,0.480811403508772,0.545101842870999,0.117361784675073,16140,0.0915032679738562,0.494438264738598,0.0106692531522793,"2014",2014,5
"542",6013374000,12118.47,0.639744952178533,0.182372505543237,0.284542586750789,0.472239747634069,0.00347003154574133,0.392648774795799,0.32147024504084,0.00641773628938156,0.449590693666523,36.5,0.509263248599741,0.141533821628608,0.121714778112882,0.553425247738044,0.351357173632055,0.425904317386231,0.204200700116686,21903,0.13878842676311,0.398319689788884,0.00350058343057176,"2014",2014,5
"543",6013375000,19070.48,0.527070063694268,0.248057713651498,0.569060773480663,0.244935543278085,0,0.460201280878317,0.718206770356816,0,0.490370677158832,27.4,0.393663284323877,0.127976806792297,0.0186373990474218,0.805135638848623,0.459101263201491,0.368709972552608,0.0448307410795974,11801,0.166969147005445,0.629443747386031,0,"2014",2014,5
"544",6013376000,12685.72,0.630518234165067,0.185807656395892,0.416427340608846,0.334865020103389,0,0.270957274202272,0.439156300703083,0.00648999459167117,0.482406166219839,30.6,0.42828418230563,0.264075067024129,0.0822721179624665,0.589812332439678,0.384048257372654,0.320713899405084,0.018388318009735,12916,0.11417004048583,0.610710088970959,0,"2014",2014,3
"545",6013377000,14177.7,0.484959349593496,0.20845665961945,0.422780402884855,0.322805272320318,0.0034817209649341,0.409259259259259,0.460185185185185,0,0.507550212578801,29.7,0.460489664272101,0.153349948687876,0.033866002052485,0.702096466793725,0.361530567365489,0.390277777777778,0.0884259259259259,13856,0.139303482587065,0.601709905660377,0.00601851851851852,"2014",2014,3
"546",6013378000,468.3111,0.4795,0.113636363636364,0.0521137026239067,0.88265306122449,0.0342565597667638,0.333716255025847,0.0947731188971855,0.0178058587018955,0.52183759301197,55.1,0.791329666774507,0.0682626981559366,0.0799094144289874,0.16208346813329,0.115820122937561,0.535898908673176,0.429063756461804,60741,0.083855421686747,0.21115796302303,0.155657668006893,"2014",2014,1
"547",6013379000,9581.777,0.653990610328638,0.18612818261633,0.339419978517723,0.388023630504834,0.00778732545649839,0.296619411123228,0.543620501635769,0.00490730643402399,0.473482428115016,30.3,0.293290734824281,0.346964856230032,0.0154952076677316,0.577156549520767,0.292172523961661,0.383315158124318,0.0288985823336968,16038,0.152291591483219,0.53578431372549,0.0288985823336968,"2014",2014,3
"548",6013380000,2516.46,0.417248603351955,0.170805572380376,0.0838756326825741,0.722583755121716,0.0566401542540371,0.285108024691358,0.260030864197531,0.0277777777777778,0.4774499830451,37,0.449813496100373,0.280942692438115,0.162088843675822,0.234147168531706,0.286707358426585,0.478780864197531,0.261574074074074,40518,0.0764609503003823,0.359782977280434,0.0532407407407407,"2014",2014,2
"549",6013381000,9449.076,0.719330013580806,0.170466144947261,0.28687761749651,0.443462075383899,0.00186133085155886,0.367317073170732,0.5,0,0.513787281935847,32.9,0.336803601575689,0.357062464828362,0.0361564434440068,0.502250984805853,0.296285875070343,0.410243902439024,0.0336585365853659,18364,0.0915407854984894,0.467166713840928,0.0185365853658537,"2014",2014,3
"550",6013382000,9417.839,0.484536082474227,0.207360226468507,0.241745816372682,0.438489371325192,0,0.221354166666667,0.328125,0,0.498063405537226,32.3,0.274852962272271,0.433653708219768,0.109166547123799,0.345431071582269,0.284607660306986,0.360119047619048,0.0677083333333333,16433,0.186529933481153,0.507961555013628,0,"2014",2014,3
"551",6013383000,9785.347,0.711111111111111,0.208515283842795,0.0886111900028401,0.783584209031525,0.0232888383981823,0.428643724696356,0.256072874493927,0,0.480325914149444,39.5,0.496422893481717,0.124403815580286,0.26033386327504,0.0916136724960254,0.314785373608903,0.540991902834008,0.258097165991903,34909,0.0578540195089136,0.288649511270696,0.0561740890688259,"2014",2014,6
"552",6013384000,6253.553,0.971360381861575,0.217213114754098,0.0535655603023332,0.888268156424581,0.081498521196188,0.569115815691158,0.272104607721046,0.0205479452054795,0.472679738562092,47.8,0.59843137254902,0.0703267973856209,0.188235294117647,0.0988235294117647,0.213856209150327,0.853673723536737,0.454545454545455,52730,0.0478388585816198,0.0941269008914526,0.166251556662516,"2014",2014,1
"553",6013385100,2793.036,0.965811965811966,0.217219589257504,0.0282146160962072,0.85800185013876,0.0522664199814986,0.617537313432836,0.239738805970149,0.0177238805970149,0.480134932533733,55.2,0.619940029985008,0.0809595202398801,0.202023988005997,0.0955772113943028,0.185157421289355,0.912313432835821,0.605410447761194,67814,0.0447007930785869,0.130059970014993,0.263059701492537,"2014",2014,1
"554",6013385200,5130.898,0.979166666666667,0.247328244274809,0.0163265306122449,0.910204081632653,0.0561224489795918,0.57397504456328,0.194295900178253,0.0213903743315508,0.475889328063241,47.2,0.521739130434783,0.0371541501976285,0.364426877470356,0.0529644268774704,0.227667984189723,0.859180035650624,0.481283422459893,52094,0.0735502121640736,0.121739130434783,0.106951871657754,"2014",2014,1
"555",6013386000,8618.179,0.408666666666667,0.369606003752345,0.14016393442623,0.725819672131148,0.0713114754098361,0.382698961937716,0.240138408304498,0.0041522491349481,0.491865194654271,40.1,0.404997094712377,0.164148750726322,0.226321905868681,0.18274259151656,0.363451481696688,0.257439446366782,0.23598615916955,30886,0.160806618407446,0.392545136866628,0.0442906574394464,"2014",2014,4
"556",6013387000,8865.784,0.716637781629116,0.205128205128205,0.0462163534789233,0.75723717623159,0.0563737938039614,0.585232452142206,0.274384685505925,0.0191431175934366,0.492369186046512,43.4,0.578851744186046,0.0843023255813953,0.277616279069767,0.059593023255814,0.289244186046512,0.518687329079307,0.290793072014585,34728,0.117647058823529,0.239462209302326,0.0820419325432999,"2014",2014,6
"557",6013388000,11319.96,0.756711409395973,0.270214236351071,0.0537132181223727,0.82204577300327,0.0266230733302195,0.484902309058615,0.299289520426288,0.0204262877442274,0.539229181004818,35.7,0.581899518238128,0.0268410185822436,0.305574673090158,0.134205092911218,0.275292498279422,0.497335701598579,0.364120781527531,41504,0.114355231143552,0.227900552486188,0.0595026642984014,"2014",2014,6
"558",6013389100,7937.709,0.610021786492375,0.465116279069767,0.0996996996996997,0.811411411411411,0.045045045045045,0.360529217199559,0.214994487320838,0.0330760749724366,0.435305435305435,39.8,0.620490620490621,0.025012025012025,0.288119288119288,0.185666185666186,0.329485329485329,0.403528114663727,0.386990077177508,39568,0.113973458235753,0.235690235690236,0.051819184123484,"2014",2014,6
"559",6013389200,17042.77,0.254830917874396,0.390184049079755,0.11014948859166,0.762391817466562,0.0597954366640441,0.336538461538462,0.236263736263736,0.0206043956043956,0.523341523341523,34.4,0.361179361179361,0.10995085995086,0.375921375921376,0.157248157248157,0.414004914004914,0.0865384615384615,0.195054945054945,27050,0.116352201257862,0.455242966751918,0.021978021978022,"2014",2014,4
"560",6013390100,5763.548,0.975051975051975,0.194852941176471,0.0140134529147982,0.846973094170404,0.101457399103139,0.555679287305123,0.296213808463252,0.0133630289532294,0.483957219251337,50.6,0.691176470588235,0.0467914438502674,0.186274509803922,0.11096256684492,0.264260249554367,0.841870824053452,0.577951002227171,50170,0.0329575021682567,0.104723707664884,0.178173719376392,"2014",2014,1
"561",6013390200,7072.587,0.98849104859335,0.285368802902056,0.0731354091238233,0.868211440984794,0.144098479362781,0.520208604954368,0.216427640156454,0.0117340286831812,0.512744516893894,47.3,0.742738589211618,0.014226437462952,0.209247184350919,0.036158861885003,0.218138707765264,0.856584093872229,0.590612777053455,55972,0.0848748639825898,0.0899344848123883,0.195567144719687,"2014",2014,1
"562",6013391000,4816.399,0.936576889661164,0.288976377952756,0.00860323886639676,0.944331983805668,0.108805668016194,0.525070955534532,0.318826868495743,0.0160832544938505,0.459029126213592,46.5,0.822912621359223,0.00932038834951456,0.111067961165049,0.0271844660194175,0.129708737864078,0.861873226111637,0.552507095553453,64745,0.0567846607669617,0.166796570537802,0.249763481551561,"2014",2014,1
"563",6013392000,6954.623,0.957903780068729,0.1826857532379,0.0072992700729927,0.943886861313869,0.141879562043796,0.594969644405898,0.266261925411969,0.0390286209887251,0.48859455481972,50,0.75570272259014,0.0154525386313466,0.12766740250184,0.0412067696835909,0.171081677704194,0.865568083261058,0.536860364267129,70940,0.0301862556197816,0.0701624815361891,0.24457935819601,"2014",2014,1
"564",6013392200,2490.724,0.810810810810811,0.0570824524312896,0.25500340367597,0.521579305650102,0.00748808713410483,0.51686101481248,0.433028679483139,0.00252127324298771,0.518129175946548,34.4,0.429398663697105,0.175768374164811,0.24293986636971,0.326325167037862,0.380579064587973,0.676016388276079,0.214308225653955,26648,0.0899313925458928,0.321803232208676,0.0365584620233218,"2014",2014,3
"565",6013392300,3555.487,0.805194805194805,0.150365934797073,0.0755693581780538,0.804865424430642,0.0041407867494824,0.716981132075472,0.520047169811321,0.00235849056603774,0.509310344827586,39.3,0.194137931034483,0.102413793103448,0.591379310344828,0.112068965517241,0.423103448275862,0.773584905660377,0.255896226415094,38461,0.0331695331695332,0.134827586206897,0.196933962264151,"2014",2014,10
"566",6041101100,219.3432,0.971349353049908,0.0822543792840823,0.0689655172413793,0.818611242324043,0.0344827586206897,0.755351681957186,0.258919469928644,0,0.489130434782609,47.1,0.859420289855072,0,0.131159420289855,0.0119565217391304,0.172826086956522,0.879714576962283,0.504587155963303,66280,0.0668941979522184,0.0550724637681159,0.346585117227319,"2014",2014,1
"567",6041101200,692.1284,0.852415026833631,0.0754448398576512,0.0711020822752666,0.715083798882682,0.0162519045200609,0.643699002719855,0.343608340888486,0,0.496815286624204,45.8,0.855626326963907,0.00247699929228592,0.0470629865534324,0.210544939844303,0.177282377919321,0.801450589301904,0.370806890299184,48539,0.080227416298168,0.235314932767162,0.14052583862194,"2014",2014,6
"568",6041102100,614.9764,0.880245649948823,0.0400745573159366,0.0280426247896803,0.860347728547392,0.0291643297812675,0.51340206185567,0.252577319587629,0.00515463917525773,0.464049404499338,51,0.879135421261579,0,0.051168945743273,0.0833700926334363,0.115571239523599,0.792783505154639,0.565979381443299,59490,0.0728813559322034,0.11436170212766,0.177319587628866,"2014",2014,1
"569",6041102202,5105.39,0.847413793103448,0.106024096385542,0.0785484611851171,0.785025264124943,0.00964630225080386,0.66057091882248,0.378679750223015,0.00669045495093666,0.447064485081809,42.7,0.798524222008341,0.0120307988450433,0.0457170356111646,0.260988129611806,0.192011549566891,0.694915254237288,0.381801962533452,33132,0.118846694796062,0.214858793324775,0.0749330954504906,"2014",2014,6
"570",6041102203,4762.564,0.597886029411765,0.158576051779935,0.140153592978607,0.64125068568294,0.00877674163466813,0.420138888888889,0.308035714285714,0,0.456634692246203,41.3,0.6292965627498,0.0629496402877698,0.0513589128697042,0.344124700239808,0.300359712230216,0.434027777777778,0.269345238095238,39503,0.06160980457105,0.310234328059283,0.105654761904762,"2014",2014,6
"571",6041103100,487.6456,0.992307692307692,0.0337922403003755,0.0349377439137707,0.808399925664375,0.0150529641330608,0.72256880733945,0.315963302752294,0,0.470351628389776,47.8,0.899701570001297,0.0102504216945634,0.0365901128843908,0.0547554171532373,0.0653950953678474,0.844770642201835,0.469357798165138,45979,0.0472874963736583,0.118463734267549,0.164403669724771,"2014",2014,1
"572",6041103200,3564.731,0.707100591715976,0.0596872007660389,0.105779483898486,0.659415653657496,0.0260183407976114,0.413806552262091,0.332293291731669,0.00858034321372855,0.475302889095993,47.9,0.832090711401056,0.00931966449207828,0.0607331469400435,0.150512581547064,0.141192917054986,0.620514820592824,0.301872074882995,49348,0.0462709284627093,0.202060859764933,0.154446177847114,"2014",2014,6
"573",6041104101,3512.518,0.858927483241926,0.0827653359298929,0.0657284768211921,0.74817880794702,0.0165562913907285,0.500962772785623,0.288510911424904,0,0.502903743976276,44,0.821574199925862,0.0233535153836649,0.0630174224638577,0.171382676387001,0.199184480415174,0.736842105263158,0.397625160462131,48306,0.0618244703847817,0.195971827505251,0.125802310654686,"2014",2014,6
"574",6041104102,6713.927,0.577367205542725,0.0606460118655241,0.11968085106383,0.722340425531915,0.00984042553191489,0.382325581395349,0.313953488372093,0.00558139534883721,0.492844036697248,35.3,0.660733944954128,0.0488073394495413,0.0491743119266055,0.287339449541284,0.338348623853211,0.454418604651163,0.206511627906977,31651,0.0776844631073785,0.313750688452359,0.032093023255814,"2014",2014,6
"575",6041104200,846.2216,0.661084529505582,0.127112135176651,0.0835629017447199,0.77157943067034,0.0169880624426079,0.548835308541071,0.302002451982019,0.00326930935839804,0.494179894179894,46.4,0.774603174603175,0.00652557319223986,0.0201058201058201,0.211287477954145,0.21957671957672,0.648140580302411,0.398038414384961,49927,0.0847107438016529,0.220458553791887,0.0800980792807519,"2014",2014,6
"576",6041104300,415.3968,0.967559943582511,0.0487514863258026,0.017585931254996,0.804156674660272,0.0207833733013589,0.530211480362538,0.258308157099698,0,0.521818181818182,49,0.864242424242424,0,0.0642424242424242,0.0842424242424242,0.195151515151515,0.838368580060423,0.481873111782477,55520,0.0762527233115468,0.106860959319976,0.152567975830816,"2014",2014,1
"577",6041105000,1646.773,0.560931247726446,0.14628899247042,0.0290231241151487,0.825153374233129,0.0580462482302973,0.494220805101634,0.380629732961339,0,0.538090646094503,40.1,0.745901639344262,0.0364834458373513,0.0720025715204114,0.228383156541305,0.184345869495339,0.63332004782782,0.30530091669988,47805,0.119642306506321,0.280662272946472,0.137903547229972,"2014",2014,1
"578",6041106001,886.5005,0.169595782073814,0.0860549507516848,0.0866359447004608,0.810138248847926,0.0519201228878648,0.237932715748415,0.178449536811312,0.00585080448561677,0.440318302387268,46.9,0.719556305763202,0.053773812394502,0.0781287677839402,0.134313961900169,0.169761273209549,0.444173573866407,0.234519746465139,42720,0.0938945420906568,0.289984268484531,0.0502194051682106,"2014",2014,6
"579",6041106002,1431.371,0.787865367581931,0.149551066217733,0.0949832775919732,0.686510590858417,0.0193979933110368,0.492011278195489,0.326597744360902,0.00469924812030075,0.55390625,41.6,0.6903125,0.02109375,0.08578125,0.2440625,0.26640625,0.679041353383459,0.393796992481203,34542,0.0653050932929904,0.246707784630772,0.128759398496241,"2014",2014,6
"580",6041107000,791.5059,0.958779884583677,0.123603351955307,0.0310179117518567,0.829838357361293,0.036260375709917,0.585726351351351,0.366131756756757,0,0.446822308690013,48.4,0.852302204928664,0.00599870298313878,0.0847924773022049,0.0656614785992218,0.168450064850843,0.827702702702703,0.456081081081081,59579,0.0603094411114619,0.0646847435478602,0.238597972972973,"2014",2014,1
"581",6041108100,2457.061,0.895750090810025,0.109037900874636,0.0476468300272268,0.825165305328666,0.0192532088681447,0.570286959680349,0.280784598619688,0.0374137304758445,0.441351592735933,49.3,0.839535576064305,0.00387019946412623,0.0564155998809169,0.107472462042274,0.138880619231914,0.820196149654922,0.403196512895024,61474,0.0339171531832082,0.0896995066527134,0.205957137667999,"2014",2014,1
"582",6041108200,3696.382,0.508237488343177,0.065474060822898,0.0969840331164991,0.733885274985216,0.0329193770944214,0.41948310139165,0.294565937707091,0.00430748840291584,0.513173475429248,45.3,0.768206039076377,0.0242747187685021,0.113084665482534,0.143132030787448,0.221432800473653,0.529158383035123,0.447316103379722,53391,0.0347452018530774,0.204057099924869,0.177601060304838,"2014",2014,1
"583",6041109001,4287.298,0.5056,0.188751191611058,0.0907780979827089,0.753242074927954,0.0162103746397695,0.348727057430432,0.224393132030787,0.0059206631142688,0.548369565217391,40.7,0.677445652173913,0.0114130434782609,0.0717391304347826,0.25625,0.293478260869565,0.420959147424512,0.253404381290705,40633,0.0322878228782288,0.22707423580786,0.098283007696862,"2014",2014,6
"584",6041109002,4161.799,0.716832721552176,0.134940995382247,0.00989180834621329,0.886553323029366,0.0479134466769706,0.435897435897436,0.27823240589198,0.0141843971631206,0.437469467513434,47.8,0.907669760625305,0.0532486565705911,0.0197850512945774,0.0561797752808989,0.123106985832926,0.643207855973813,0.438079650845608,62241,0.0796178343949045,0.13580850024426,0.152755046372068,"2014",2014,1
"585",6041110100,2198.74,0.700649878147847,0.190650109569028,0.0643649815043157,0.856226880394575,0.0441430332922318,0.521090754154239,0.195994887089902,0,0.487915145192141,48.5,0.821596244131455,0.0412102243088159,0.0681620587723874,0.0705964180142584,0.142062250043471,0.629740093736685,0.504047720494248,67160,0.0524418223533268,0.155788655788656,0.205794631444397,"2014",2014,1
"586",6041110200,1503.294,0.991193306913254,0.113267326732673,0.0286895210308777,0.86895210308777,0.0658886457573547,0.678357175819105,0.249192431933549,0.00922934933087217,0.463588588588589,52.9,0.899024024024024,0.00168918918918919,0.0576201201201201,0.0621246246246246,0.182057057057057,0.900323027226581,0.56391324411629,81564,0.024325351577347,0.0577501881113619,0.348407937240425,"2014",2014,1
"587",6041111000,6833.476,0.412205166604268,0.206486164831895,0.0429341963322546,0.8,0.0243797195253506,0.319722650231125,0.242295839753467,0.00693374422187982,0.536788750817528,38.7,0.702746893394375,0.0452910398953564,0.0382603008502289,0.265860039241334,0.192936559843035,0.302003081664099,0.23959938366718,40544,0.0520075451360819,0.317775571002979,0.088597842835131,"2014",2014,6
"588",6041112100,4626.779,0.665998998497747,0.118850987432675,0.19413820919602,0.655014788921753,0.0250067222371605,0.433194154488518,0.288622129436326,0.0120041753653445,0.49980864906238,38.9,0.703597397627248,0.00899349406812093,0.0533869115958668,0.387676999617298,0.312093379257558,0.571503131524008,0.303757828810021,35128,0.113614725483973,0.36318407960199,0.126826722338205,"2014",2014,6
"589",6041112201,59739.98,0.074245939675174,0.395799676898223,0.573762838468721,0.23015873015873,0.00233426704014939,0.514080287597364,0.675254643499101,0,0.542381974248927,27.6,0.289967811158798,0.0681330472103004,0.029774678111588,0.879828326180258,0.63693669527897,0.0437387657279808,0.0587177950868784,12190,0.162641258586306,0.700777896995708,0.011983223487118,"2014",2014,5
"590",6041112202,2976.896,0.520849128127369,0.178461538461538,0.374558303886926,0.405396723417925,0.00256986829424992,0.482241515390687,0.382794001578532,0,0.522635589421784,36.3,0.437696100403407,0.0190497534737786,0.116763783056925,0.631779471089198,0.552891080233079,0.399368587213891,0.158642462509866,26030,0.0884569615232051,0.58835904628331,0.0655090765588003,"2014",2014,5
"591",6041113000,423.9997,0.940239043824701,0.06860517946388,0.0341880341880342,0.88034188034188,0.0486522024983563,0.463697376449054,0.26052471018914,0.0201342281879195,0.48435243139143,47.7,0.892633606162735,0.0264805007221955,0.0187770823302841,0.0987000481463649,0.0967741935483871,0.710799267846248,0.404514948139109,44802,0.0997670807453416,0.194270582571016,0.13666870042709,"2014",2014,1
"592",6041114100,1725.181,0.782109150594994,0.0909701242027526,0.0166368057332992,0.919631430765293,0.0409521371896596,0.503950834064969,0.315627743634767,0.00790166812993854,0.485796545105566,44.8,0.895969289827255,0.0201535508637236,0.00710172744721689,0.0786948176583493,0.0788867562380038,0.691834942932397,0.442054433713784,62185,0.0509358698987419,0.154156267997696,0.22036874451273,"2014",2014,1
"593",6041114200,1846.84,0.750173973556019,0.129930394431555,0.0153209109730849,0.823188405797101,0.00869565217391304,0.429206819866568,0.280948851000741,0,0.469834323226008,44.6,0.896530165676774,0.00281337918099406,0.0447014692091279,0.0659581119099719,0.115973741794311,0.608598962194218,0.380281690140845,43694,0.0533980582524272,0.153435833071854,0.0926612305411416,"2014",2014,1
"594",6041115000,1833.631,0.943526170798898,0.131301289566237,0.0587899543378995,0.889079147640791,0.0388127853881279,0.61060393258427,0.371839887640449,0.00526685393258427,0.461036311709506,45.9,0.864953080375357,0.00761593907248742,0.0783353733170135,0.0617435060519516,0.126070991432069,0.869733146067416,0.537570224719101,69200,0.0904347826086957,0.0910344827586207,0.279494382022472,"2014",2014,1
"595",6041116000,5589.952,0.854933726067747,0.174950298210736,0.0142332415059688,0.945821854912764,0.0560146923783287,0.474250576479631,0.325903151421983,0,0.468985887758451,44.7,0.902855267476206,0.00164095831965868,0.0167377748605185,0.028552674762061,0.0574335411880538,0.647194465795542,0.38739431206764,59068,0.0615020697811946,0.137690776376908,0.166026133743274,"2014",2014,1
"596",6041117000,4437.27,0.704627949183303,0.241230177799135,0.0217839269944068,0.884898439799823,0.0297321165734472,0.480411361410382,0.333006856023506,0.0127326150832517,0.455904020206272,46.3,0.901283940223111,0.00589349610608293,0.0410439907387918,0.038307724689539,0.107977267943591,0.65181194906954,0.389324191968658,53710,0.0629095674967235,0.223303023895115,0.153281096963761,"2014",2014,1
"597",6041118100,1427,0.984866123399301,0.139952153110048,0.0278721957851801,0.915023793337865,0.0231135282121006,0.749329758713137,0.439678284182306,0.0107238605898123,0.503355704697987,44.7,0.935123042505593,0,0.0187919463087248,0.0568232662192394,0.121252796420582,0.904825737265416,0.585790884718499,96028,0.0604099244875944,0.127191011235955,0.471849865951743,"2014",2014,1
"598",6041119100,1882.067,0.798798798798799,0.138211382113821,0.0128718535469108,0.944221967963387,0.0357551487414188,0.591237113402062,0.29639175257732,0.00360824742268041,0.473093704550177,48.4,0.932474548098899,0.00186993559110742,0.0218159152295865,0.0334510700186994,0.0876792021608145,0.693298969072165,0.544329896907216,110615,0.0505272407732865,0.0804406568281023,0.45,"2014",2014,1
"599",6041119201,9696.16,0.198647945917837,0.12537673297167,0.0533946251768034,0.844766619519095,0.0254596888260255,0.249598286020353,0.164970540974826,0,0.388608721447642,52.3,0.799466033817858,0.0290714921388312,0.0631859982201127,0.103826757638683,0.254227232275289,0.233529726834494,0.409212640599893,54918,0.0723472668810289,0.197869101978691,0.106052490626674,"2014",2014,6
"600",6041119202,4215.012,0.984567901234568,0.12401055408971,0.0407470288624788,0.865025466893039,0.0539049235993209,0.717303005686434,0.368805848903331,0,0.491489361702128,48.4,0.90790273556231,0.0468085106382979,0.0285714285714286,0.0434650455927052,0.174164133738602,0.869212022745735,0.615759545085297,91552,0.0600490196078431,0.118829981718464,0.406986190089358,"2014",2014,1
"601",6041120000,3334.201,0.633205974296631,0.155761251196936,0.0346795434591747,0.879060579455663,0.0335820895522388,0.509298998569385,0.333333333333333,0,0.454953510740622,48.4,0.887784546328952,0.0115421609490221,0.0503366463610131,0.0609169605642834,0.153574863738378,0.545064377682403,0.44241773962804,74675,0.0746050321825629,0.0875081327260898,0.237839771101574,"2014",2014,1
"602",6041121100,3894.896,0.783333333333333,0.113507377979569,0.0532786885245902,0.875256147540984,0.0189549180327869,0.540946314831665,0.372611464968153,0.0122838944494995,0.481936548688795,45.9,0.813863928112965,0.00311754997249221,0.0827067669172932,0.11589950485971,0.156977810379608,0.664240218380346,0.520018198362147,73408,0.0308231173380035,0.169998166147075,0.288444040036397,"2014",2014,1
"603",6041121200,2225.282,0.631637995512341,0.219685039370079,0.0731070496083551,0.773795395205317,0.0170899596487064,0.510086455331412,0.308769040757513,0,0.495323865604434,42.3,0.806719778316592,0.0218219605126429,0.0904052649809491,0.0760304814686526,0.173190162798753,0.607245780156443,0.400576368876081,47913,0.101743151903237,0.0946691176470588,0.192260189378345,"2014",2014,1
"604",6041123000,3924.376,0.868049010367578,0.174959871589085,0.00898011545862733,0.942270686337396,0.0205259781911482,0.589856670341786,0.256890848952591,0,0.440902403138794,56.2,0.892594409024031,0.00196174595389897,0.0353114271701815,0.0662089259440902,0.135360470819029,0.781697905181918,0.66593164277839,119759,0.0993548387096774,0.0995586071603727,0.38257993384785,"2014",2014,1
"605",6041124100,2276.763,0.699558764540714,0.094913714804723,0.0302190185749931,0.901857499306903,0.0493484890490712,0.535633227417158,0.343622333182025,0.0145256468452111,0.468966846569005,44.6,0.867386276021588,0.00443330763299923,0.079414032382421,0.082112567463377,0.129915188897456,0.607353608715388,0.440762596459374,76932,0.0741491085899514,0.104684788895315,0.23286427598729,"2014",2014,1
"606",6041124200,1496.247,0.644768856447689,0.191802626343016,0.0193321616871705,0.90597539543058,0.0568980667838313,0.555469356089992,0.241272304111715,0.00659425911559348,0.468379776405807,50.7,0.923577507091607,0.0071750375438011,0.0303687635574837,0.0757550475554814,0.228600033372268,0.705197827773468,0.574864235841738,106881,0.0773538676933847,0.120584239130435,0.363847944142746,"2014",2014,1
"607",6041125000,4833.285,0.503674669279765,0.144248608534323,0.0114388922335942,0.939193257074052,0.0147501505117399,0.486969851814001,0.29126213592233,0,0.499344405594406,40.1,0.763111888111888,0.0233828671328671,0.147945804195804,0.0310314685314685,0.189903846153846,0.418497700562085,0.428717424629535,70008,0.0921601334445371,0.204670002382654,0.269800715380685,"2014",2014,1
"608",6041126100,2881.303,0.86189889025894,0.226755590427619,0.00482858522452921,0.927812650893288,0.0379043940125543,0.560996563573883,0.428264604810997,0.0124570446735395,0.47964031218188,45.4,0.898880217170003,0.00984051577875806,0.0147607736681371,0.0318968442483882,0.125042416016288,0.713917525773196,0.612542955326461,87998,0.0603478878239262,0.0719375636240244,0.356529209621993,"2014",2014,1
"609",6041126200,3344.81,0.595193213949105,0.16003616636528,0.0353227771010962,0.910779537149817,0.0374543239951279,0.478790833739639,0.255485129205266,0,0.444921963356707,51.6,0.875141370730604,0.00723818140692151,0.062429314634698,0.110608459624519,0.19000226193169,0.586543149683081,0.511457825450999,67460,0.0185103569854561,0.180376838235294,0.243783520234032,"2014",2014,1
"610",6041127000,2609.937,0.835261453031004,0.117672790901137,0.029340592861464,0.940713853599516,0.0514216575922565,0.526933333333333,0.322133333333333,0.0128,0.46114677883551,44.8,0.912773965021032,0,0.0413991587336728,0.0901040513615231,0.137259242860306,0.733333333333333,0.514133333333333,104946,0.0323115161557581,0.0813875917278186,0.340266666666667,"2014",2014,1
"611",6041128100,1847.051,0.872834372834373,0.0994980808975495,0.0166147455867082,0.923779854620976,0.0610591900311526,0.556303778526001,0.327347549569772,0.00635989524878414,0.47515243902439,46.1,0.838719512195122,0.0173780487804878,0.094969512195122,0.0429878048780488,0.142225609756098,0.762439206883651,0.488215488215488,68830,0.0943850267379679,0.0935975609756098,0.315375982042649,"2014",2014,1
"612",6041128200,2818.388,0.918145956607495,0.0981266726137377,0.0185897435897436,0.950320512820513,0.0416666666666667,0.546451240623197,0.330063473744951,0.00980957876514714,0.498368298368298,44.6,0.871095571095571,0.0144522144522145,0.0727272727272727,0.0662004662004662,0.0876456876456876,0.748413156376226,0.473744950952106,69114,0.0718586912886391,0.0786831660051366,0.285054818234276,"2014",2014,1
"613",6041129000,5090.151,0.225688073394495,0.297555791710946,0.207416719044626,0.663104965430547,0.0458830923947203,0.279,0.38,0,0.484356435643564,33,0.332673267326733,0.313267326732673,0.0772277227722772,0.301782178217822,0.262970297029703,0.201,0.135,18356,0.153368794326241,0.579115185332802,0,"2014",2014,3
"614",6041130201,6232.885,0.696387745770462,0.259295026557219,0.0331230283911672,0.914195583596215,0.0372239747634069,0.403374233128834,0.128834355828221,0.00869120654396728,0.445802770986145,51,0.959793534365662,0.006519967400163,0.0182015756587884,0.0668296658516707,0.114642760119533,0.493353783231084,0.396216768916155,101556,0.0811044003451251,0.121857923497268,0.25,"2014",2014,1
"615",6041130202,4331.925,0.431988041853513,0.188304093567251,0.00227596017069701,0.957610241820768,0.0423897581792319,0.321183533447684,0.117924528301887,0.00728987993138937,0.473644003055768,54,0.88515406162465,0.0264833206009677,0.050165520753756,0.0499108734402852,0.120193531958238,0.463979416809605,0.538593481989708,75225,0.0962199312714777,0.125031830914184,0.171955403087479,"2014",2014,1
"616",6041131100,22.0344,0.828571428571429,0.234767025089606,0,0.87030303030303,0.0545454545454545,0.503529411764706,0.270588235294118,0,0.524334251606979,46.9,0.848484848484849,0.0284664830119376,0.0697887970615243,0.0174471992653811,0.0661157024793388,0.609411764705882,0.592941176470588,63317,0.0141843971631206,0.158572844400396,0.282352941176471,"2014",2014,1
"617",6041132100,114.4674,0.924972004479283,0.09822263797942,0.0510006455777921,0.882504841833441,0.079406068431246,0.438551099611902,0.186287192755498,0,0.474710221285564,55.3,0.924657534246575,0.0400421496311907,0.0252897787144362,0.0553213909378293,0.168598524762908,0.666235446313066,0.491591203104787,52540,0.0577740016992353,0.27394328517924,0.141009055627426,"2014",2014,1
"618",6041132200,16.01916,0.976761074800291,0.0854054054054054,0.0625411454904543,0.726793943383805,0.0513495720868993,0.404094827586207,0.084051724137931,0.0150862068965517,0.50726196880043,57.4,0.878429263044648,0.0263582571274879,0.00591715976331361,0.119419042495966,0.192576654115116,0.504310344827586,0.474137931034483,49927,0.031031031031031,0.370091447014524,0.171336206896552,"2014",2014,1
"619",6041133000,16.07246,0.820601281419418,0.194162436548223,0.0909090909090909,0.739112050739958,0.0198731501057082,0.494868035190616,0.228005865102639,0.00879765395894428,0.485242780069819,49.7,0.798159314503332,0.0025388765471279,0.0142811805775944,0.230085687083466,0.168517930815614,0.55058651026393,0.441348973607038,39924,0.0364179104477612,0.364333652924257,0.0865102639296188,"2014",2014,6
"620",6055200201,5799.369,0.719494047619048,0.0471698113207547,0.188980183663606,0.612373127114548,0.0125664572257129,0.440031152647975,0.321651090342679,0.00778816199376947,0.527296082209377,35.9,0.857739242132306,0.00674373795761079,0.0163776493256262,0.394990366088632,0.222222222222222,0.478193146417445,0.179906542056075,29016,0.12722371967655,0.383063182269269,0.0311526479750779,"2014",2014,6
"621",6055200202,7751.204,0.425531914893617,0.0827638572513288,0.255703422053232,0.488593155893536,0,0.236248872858431,0.275924256086564,0.0189359783588819,0.556073211314476,35.1,0.774043261231281,0.0139767054908486,0.0209650582362729,0.486522462562396,0.338103161397671,0.21009918845807,0.164111812443643,22403,0.113131313131313,0.46516939474686,0.0351668169522092,"2014",2014,5
"622",6055200203,7411.581,0.725842696629214,0.0277777777777778,0.216049382716049,0.501851851851852,0.0111111111111111,0.460661345496009,0.313568985176739,0.0273660205245154,0.503234152652005,36,0.863734368262182,0.0176800344976283,0.00819318671841311,0.335489435101337,0.284605433376455,0.485746864310148,0.152793614595211,29666,0.119382964453387,0.307028891763691,0.031927023945268,"2014",2014,6
"623",6055200301,4780.426,0.720302375809935,0.0509835407466881,0.258674101610905,0.513940520446097,0.00557620817843866,0.471665712650258,0.427017744705209,0.00858614768174013,0.488228483211115,30.5,0.787340795059822,0.0115785411038209,0.0204554226167503,0.554033191817831,0.279042840602084,0.496279336004579,0.191757298225529,25383,0.122996515679443,0.457843137254902,0.0515168860904408,"2014",2014,6
"624",6055200302,3747.277,0.954087346024636,0.113432835820896,0.139107611548556,0.660367454068241,0.026246719160105,0.574468085106383,0.330347144456887,0.0145576707726764,0.48546511627907,38.1,0.819040697674419,0.0210755813953488,0.0159883720930233,0.409520348837209,0.210392441860465,0.729003359462486,0.195968645016797,31390,0.0966666666666667,0.16969476744186,0.0425531914893617,"2014",2014,6
"625",6055200400,1521.63,0.871716554673183,0.058916359810626,0.0863204096561814,0.727871250914411,0.0259692757863936,0.583864118895966,0.288039631988677,0,0.52676431424767,42.8,0.827962716378162,0.0194407456724368,0.0066577896138482,0.271904127829561,0.17017310252996,0.599433828733192,0.328379334748762,47719,0.0627716079188798,0.155425219941349,0.164189667374381,"2014",2014,6
"626",6055200501,7151.922,0.656215621562156,0.0571319018404908,0.319975527684307,0.472009788926277,0,0.45684086905461,0.463300058719906,0,0.496517595307918,32.8,0.799853372434018,0.0106304985337243,0,0.510813782991202,0.276942815249267,0.483264826776277,0.128596594245449,20904,0.117894056847545,0.482405511078012,0.00352319436288902,"2014",2014,5
"627",6055200503,3340.251,0.63046357615894,0.0733173076923077,0.334710743801653,0.494214876033058,0,0.519877675840979,0.344036697247706,0,0.529964747356052,36.2,0.837837837837838,0.0240893066980024,0.0129259694477086,0.541128084606345,0.324911868390129,0.230886850152905,0.0856269113149847,24820,0.141260162601626,0.423280423280423,0.0107033639143731,"2014",2014,5
"628",6055200504,9656.632,0.607779578606159,0.0779440835922056,0.290637043754251,0.518249829970528,0.0228973021990478,0.538330494037479,0.38160136286201,0,0.500361742150195,33.7,0.848647084358269,0.00506439010273477,0.021270438431486,0.49225871798582,0.290695991896976,0.46252129471891,0.199744463373083,26033,0.0721840296139609,0.292560474669101,0.0298126064735945,"2014",2014,5
"629",6055200505,8923.749,0.314418604651163,0.0466321243523316,0.276179516685846,0.540851553509781,0.00402761795166858,0.465093411996067,0.365781710914454,0.00491642084562439,0.493943981831945,32.3,0.831945495836487,0.00189250567751703,0.0367146101438304,0.479182437547313,0.279712339137017,0.228121927236971,0.205506391347099,27126,0.126932989690722,0.424380952380952,0.0275319567354966,"2014",2014,5
"630",6055200601,6127.596,0.892416225749559,0.0123456790123457,0.221864951768489,0.543116047939199,0.00935399006138556,0.603351955307263,0.410924891371819,0.0279329608938547,0.487381050889532,40,0.804509722796856,0,0.0275134464211833,0.368431940422011,0.216383947041787,0.721911855990068,0.220360024829299,31021,0.0556242274412855,0.220884367863816,0.0608317815021726,"2014",2014,6
"631",6055200602,3356.326,0.720634920634921,0.0554261760596181,0.106528093536863,0.650860669048392,0.0152646963299773,0.440734557595993,0.186421814134669,0.0189204229271007,0.457587729491053,47.9,0.83801998605624,0.00743667208924007,0.0390425284685103,0.251917267023007,0.174761794097142,0.508625486922649,0.252643294379521,40705,0.0566695727986051,0.265691363850873,0.0745687256538676,"2014",2014,6
"632",6055200703,3313.441,0.989690721649485,0.0264808362369338,0.0406544372830937,0.777392166584036,0.0287555775904809,0.714285714285714,0.311191992720655,0,0.502083333333333,49.6,0.93125,0.000347222222222222,0.05,0.0961805555555556,0.0770833333333333,0.86533212010919,0.417652411282985,47800,0.0328418230563003,0.0731197771587744,0.133757961783439,"2014",2014,1
"633",6055200704,8602.87,0.719133996489175,0.0491601802539943,0.215153267784847,0.548582995951417,0,0.473970944309927,0.321428571428571,0.0236077481840194,0.496789258610625,37.4,0.791204514496984,0.00408639813193228,0.0103132905234481,0.492702860478692,0.212687293247714,0.500605326876513,0.169491525423729,23479,0.10475161987041,0.394916911045943,0.0236077481840194,"2014",2014,6
"634",6055200705,6476.976,0.717017208413002,0.0483985765124555,0.263239875389408,0.54153686396677,0.0103842159916926,0.561590688651794,0.389912706110572,0.00484966052376334,0.521383647798742,35.9,0.89559748427673,0.00188679245283019,0.0179245283018868,0.482704402515723,0.221698113207547,0.477206595538312,0.221144519883608,26012,0.0856777493606138,0.417509481668774,0.023278370514064,"2014",2014,6
"635",6055200706,4675.028,1,0.0173253925284245,0.110381077529566,0.694261936049058,0.00788436268068331,0.755731922398589,0.384479717813051,0,0.477469412115786,40.8,0.819755296926291,0.00149209191286183,0.0408833184124142,0.276932259027156,0.148910772903611,0.796296296296296,0.298059964726631,41531,0.0465351542741528,0.143671265746851,0.154320987654321,"2014",2014,6
"636",6055200707,5341.138,0.597507331378299,0.0478723404255319,0.0672268907563025,0.775762936753649,0.00928792569659443,0.527359238699445,0.328310864393339,0,0.479336153595835,42.6,0.860397006182883,0.00715912788805727,0.037748128864302,0.204035144809632,0.14253172795314,0.476605868358446,0.320380650277558,40075,0.0963934426229508,0.230213464696223,0.129262490087232,"2014",2014,6
"637",6055200802,967.3033,0.568618881118881,0.0420541852001617,0.0872127283441367,0.672362993517973,0,0.40726392251816,0.335108958837772,0,0.473200612557427,36.9,0.784073506891271,0.02947932618683,0.0401990811638591,0.171324655436447,0.175153139356815,0.556416464891041,0.283292978208232,35344,0.0768659487560342,0.208121827411168,0.0653753026634383,"2014",2014,6
"638",6055200803,1069.458,0.718820861678005,0.00452488687782805,0.136363636363636,0.693706293706294,0.0125874125874126,0.506343713956171,0.333333333333333,0.00576701268742791,0.525866160417655,46.6,0.838158519221642,0.00142382534409112,0.0142382534409112,0.305173232083531,0.157570004746084,0.665513264129181,0.261822376009227,35142,0.0760649087221095,0.381428571428571,0.101499423298731,"2014",2014,6
"639",6055200804,12226.31,0.706344750140371,0.0840398083302617,0.417946401686239,0.40258958145137,0.00602228244504667,0.497703788748565,0.594718714121699,0.00516647531572905,0.489736070381232,28.3,0.781611178195618,0.0103501811281697,0,0.707434880110402,0.420562359841297,0.461538461538462,0.0878300803673938,19274,0.116436153103892,0.454278812974465,0.00975889781859931,"2014",2014,5
"640",6055200900,496.2746,0.0851063829787234,0.474358974358974,0.345372460496614,0.322799097065463,0,0,0,0,0.724064171122995,53.4,0.682352941176471,0.185026737967914,0.0716577540106952,0.12620320855615,0.113368983957219,0,0.319148936170213,6193,0.195876288659794,0.899357601713062,0.234042553191489,"2014",2014,12
"641",6055201003,165.8842,0.770682148040639,0.0154711673699015,0.154166666666667,0.715277777777778,0.0243055555555556,0.705511811023622,0.602362204724409,0,0.497731691510045,34.8,0.256210844674876,0.0693454309786131,0.494707280190106,0.190969971916181,0.428170231151437,0.629133858267717,0.145669291338583,30019,0.0625814863102999,0.147633521493704,0.068503937007874,"2014",2014,6
"642",6055201004,6371.935,0.590795397698849,0.0266623835528429,0.173798076923077,0.638701923076923,0.00288461538461538,0.613259668508287,0.428427925665495,0.0155700652938222,0.486192083461184,37.9,0.386314820497085,0.098956735194845,0.350260816201289,0.276465173366063,0.364068732740104,0.785534907081868,0.169763937719739,28570,0.101896405321257,0.249577897160399,0.0673028628829734,"2014",2014,6
"643",6055201005,198.856,0.952180028129395,0.00631199278629396,0.227056424201224,0.617946974847043,0.00339904826648538,0.672281776416539,0.55895865237366,0,0.481186365648517,34.1,0.640106241699867,0.0115095174856131,0.299690128375387,0.305002213368747,0.383355467020806,0.865237366003063,0.208269525267994,36155,0.0855263157894737,0.196989818503763,0.185298621745789,"2014",2014,6
"644",6055201006,5021.196,0.98880976602238,0.0408759124087591,0.125558312655087,0.626302729528536,0.00794044665012407,0.652310924369748,0.384453781512605,0.0525210084033613,0.51075802714333,40.4,0.578616352201258,0.0817610062893082,0.231711353856339,0.254882489241973,0.243627937768951,0.711134453781513,0.0997899159663866,26509,0.0945337620578778,0.342762063227953,0.0609243697478992,"2014",2014,6
"645",6055201007,8506.773,0.948186528497409,0,0.11144806671721,0.660348749052312,0,0.677046263345196,0.531138790035587,0,0.482486662027372,34.3,0.531199257712828,0.0811876594757597,0.264439805149617,0.32103920204129,0.315704012990026,0.727758007117438,0.181494661921708,24224,0.0919153031761309,0.263304671159656,0.0622775800711744,"2014",2014,5
"646",6055201101,2917.994,1,0.0121827411167513,0.0539792387543253,0.813840830449827,0.0352941176470588,0.745430809399478,0.29242819843342,0,0.480513073507647,48.9,0.87074494326591,0.00542673902318698,0.0690675875678342,0.0843611248149975,0.0685742476566354,0.930809399477807,0.402088772845953,53570,0.0398860398860399,0.0420168067226891,0.220626631853786,"2014",2014,1
"647",6055201102,31.78879,0.908639523336644,0.0302702702702703,0.0467289719626168,0.781041388518024,0.0253671562082777,0.488805970149254,0.167910447761194,0.0211442786069652,0.521334792122538,54.5,0.979212253829322,0,0.00547045951859956,0.0793216630196937,0.0645514223194748,0.682835820895522,0.417910447761194,54018,0.0587659157688541,0.19988986784141,0.115671641791045,"2014",2014,1
"648",6055201200,201.8922,0.590569561157796,0.0265348595213319,0.171662895927602,0.598981900452489,0.0127262443438914,0.503489531405783,0.242273180458624,0,0.478766975641302,52.1,0.839405044190558,0,0.0612200905367536,0.322267730114249,0.197240784651865,0.850947158524427,0.30309072781655,34168,0.103559870550162,0.317515099223468,0.0682951146560319,"2014",2014,6
"649",6055201300,1949.832,0.558278145695364,0.147250698974837,0.0879593432369038,0.700938232994527,0.0238467552775606,0.382555470543229,0.116296863045142,0.0175975516449885,0.433658045011757,63.6,0.896876049714478,0.0379576755122607,0.0094054417198522,0.074235807860262,0.0614712798118912,0.651109410864575,0.319051262433053,51554,0.0681818181818182,0.20064856100527,0.103289977046672,"2014",2014,1
"650",6055201401,80.1767,0.752878653675819,0.0327471194663432,0.0297684674751929,0.836824696802646,0.00661521499448732,0.544943820224719,0.152387640449438,0.014747191011236,0.464757709251101,53.8,0.973568281938326,0,0.00188797986154814,0.0651353052234109,0.0981749528005035,0.735252808988764,0.530898876404494,77427,0.0931297709923664,0.0682464454976303,0.275280898876405,"2014",2014,1
"651",6055201402,255.4509,0.995961227786753,0.0204326923076923,0.0667779632721202,0.770450751252087,0.0413188647746244,0.753351206434316,0.279714030384272,0,0.510658914728682,51.9,0.833010335917313,0.0022609819121447,0.0251937984496124,0.123062015503876,0.142441860465116,0.851653261840929,0.454870420017873,59999,0.0730245231607629,0.137128072445019,0.310098302055407,"2014",2014,1
"652",6055201403,8.855778,0.886363636363636,0.0357142857142857,0.0206896551724138,0.820689655172414,0.00689655172413793,0.724381625441696,0.236749116607774,0,0.557478368355995,49,0.878862793572311,0,0.0284301606922126,0.139678615574784,0.0667490729295426,0.763250883392226,0.339222614840989,48203,0.0853174603174603,0.0766378244746601,0.226148409893993,"2014",2014,1
"653",6055201500,45.42803,0.966312056737589,0.0821917808219178,0.124715261958998,0.685079726651481,0.00455580865603645,0.705399061032864,0.254694835680751,0,0.513675213675214,49.9,0.75,0.00256410256410256,0.0136752136752137,0.37991452991453,0.161965811965812,0.705399061032864,0.424882629107981,68861,0.0412111017661901,0.126936316695353,0.188967136150235,"2014",2014,1
"654",6055201601,1022.194,0.659133709981168,0.0700256191289496,0.229605618584549,0.615343057806591,0.00324149108589951,0.494949494949495,0.329292929292929,0,0.527910685805423,45.9,0.72488038277512,0,0.0773524720893142,0.414274322169059,0.311004784688995,0.435353535353535,0.25959595959596,35388,0.0646964856230032,0.40829346092504,0.0696969696969697,"2014",2014,6
"655",6055201602,1335.847,0.754415954415954,0.113899613899614,0.0708692247454973,0.830462020360219,0.0168363351605325,0.467680608365019,0.231939163498099,0,0.483613817537644,47.8,0.91762621789194,0.00560968408621199,0.0150575730735164,0.135813404192501,0.143489813994686,0.626108998732573,0.367553865652725,56980,0.0833333333333333,0.146319297182672,0.122940430925222,"2014",2014,1
"656",6055201700,85.37055,0.894221808014911,0.200892857142857,0.0856260527793374,0.812464907355418,0.0328467153284672,0.621668597914253,0.279258400926999,0,0.490871864869476,34.3,0.756184951373486,0.0360006824773929,0.0888926804299608,0.233577887732469,0.149974407097765,0.563151796060255,0.329663962920046,36197,0.0685624012638231,0.283766510438858,0.111239860950174,"2014",2014,1
"657",6055201800,6.348891,0.880859375,0.094775212636695,0.138691883372734,0.62962962962963,0.0133963750985028,0.585597826086957,0.237771739130435,0.00407608695652174,0.54954954954955,48.3,0.88048048048048,0,0.00600600600600601,0.281681681681682,0.148948948948949,0.760869565217391,0.244565217391304,42279,0.0697424892703863,0.154031287605295,0.0883152173913044,"2014",2014,6
"658",6055201900,18.96167,0.879795396419437,0.0782747603833866,0.12396694214876,0.736570247933884,0.00516528925619835,0.62109375,0.19921875,0,0.48030888030888,47,0.825482625482626,0.0123552123552124,0.0177606177606178,0.266409266409266,0.142857142857143,0.5859375,0.357421875,53364,0.0151975683890578,0.255070202808112,0.087890625,"2014",2014,6
"659",6055202000,2020.529,0.572762645914397,0.123567921440262,0.233282286881062,0.617151607963247,0.00306278713629403,0.433013260173754,0.278463648834019,0.00228623685413809,0.523073989321129,48.3,0.838100686498856,0.0207856598016781,0.0348970251716247,0.327612509534706,0.280129672006102,0.628715134887974,0.215363511659808,33280,0.0233941316415543,0.328775038520801,0.101966163694559,"2014",2014,6
"660",6075010100,12765.12,0.0172488141440276,0.456824512534819,0.105859501456782,0.81029459371965,0.0336678536743283,0.244907407407407,0.0703703703703704,0.012037037037037,0.541938855500392,37.3,0.527305983799321,0.0175071857852103,0.366605696367912,0.107917428795401,0.497778939116802,0.154166666666667,0.324074074074074,55313,0.0711878685762426,0.333333333333333,0.105555555555556,"2014",2014,4
"661",6075010200,21199.27,0.0747422680412371,0.51684131736527,0.00364393545028631,0.964341488807913,0.047371160853722,0.213751868460389,0.0695067264573991,0.0194319880418535,0.519905213270142,42.2,0.859952606635071,0.00497630331753555,0.0850710900473934,0.0241706161137441,0.171563981042654,0.302690582959641,0.335575485799701,89425,0.0429319371727749,0.161374407582938,0.184603886397608,"2014",2014,9
"662",6075010300,41958.68,0.0738023305999137,0.59888698630137,0.145645645645646,0.767867867867868,0.00870870870870871,0.32112815437902,0.125680356259278,0.0113805047006432,0.494017487344685,37.4,0.611366774045099,0,0.358260469397147,0.0789231477220433,0.339852738150023,0.216229589312222,0.345868381989114,67387,0.0405511811023622,0.323515876668201,0.182088075210292,"2014",2014,4
"663",6075010400,40615.86,0.0878646020885848,0.543458914268763,0.0492957746478873,0.894146126760563,0.0136443661971831,0.280694980694981,0.138996138996139,0.00540540540540541,0.532573599240266,40.1,0.598290598290598,0,0.28698955365622,0.0883190883190883,0.308262108262108,0.282239382239382,0.406949806949807,67521,0.0728314238952537,0.173962695089456,0.158687258687259,"2014",2014,4
"664",6075010500,9872.523,0.033160621761658,0.554646840148699,0.0423304506144743,0.892580791989076,0.05553026854802,0.35206917850525,0.122915379864114,0.0080296479308215,0.529547198772064,45,0.633921719109747,0.0165003837298542,0.250191864927091,0.0429777436684574,0.361089792785879,0.239654107473749,0.479308214947498,97534,0.103853690398432,0.174213353798926,0.291537986411365,"2014",2014,9
"665",6075010600,50686.97,0.0486767485822306,0.72565445026178,0.244336569579288,0.52168284789644,0.00809061488673139,0.230852797392721,0.136338946224878,0,0.537936681222707,41,0.317685589519651,0.00982532751091703,0.606713973799127,0.0856986899563319,0.527019650655022,0.0972297664312873,0.246061922868007,30784,0.0848089468779124,0.579421397379913,0.0537751222161869,"2014",2014,7
"666",6075010700,75098.55,0.0895251902863356,0.724557956777996,0.460595048830343,0.382012264365206,0.00272541449012037,0.366859027205276,0.166941467436109,0.00329760923330585,0.470721144793824,50,0.216908303520994,0.028431557145547,0.743739408774242,0.0254189418188665,0.631707776313312,0.105523495465787,0.158285243198681,24721,0.0907180385288967,0.559216720015063,0.0313272877164056,"2014",2014,7
"667",6075010800,54750,0.0929219600725953,0.583079526226734,0.17117776152158,0.741526456961717,0.0265788831992197,0.226214781543487,0.124540628828093,0.0179665169456921,0.435865243774848,44.1,0.468508056078678,0,0.47834274952919,0.0646578782172002,0.341912534002929,0.18374846876276,0.336463862801143,58961,0.0415609137055838,0.267210713538397,0.110249081257656,"2014",2014,4
"668",6075010900,49152.77,0.0254323499491353,0.581158115811581,0.0450145208131655,0.891335914811229,0.0186350435624395,0.195226220163876,0.0712504453152832,0.00712504453152832,0.419831223628692,34.3,0.691561181434599,0.0126582278481013,0.274894514767932,0.0559071729957806,0.186708860759494,0.204488778054863,0.356964731029569,88759,0.0354160668010366,0.165189873417722,0.229070181688636,"2014",2014,9
"669",6075011000,57242.97,0.0612540775643349,0.629036635006784,0.156017830609212,0.789853534281469,0.0101889195499894,0.259047619047619,0.105142857142857,0.00533333333333333,0.493305676032434,32.6,0.487271355836319,0.0132000754290025,0.434093909108052,0.0590231944182538,0.352064868942108,0.152380952380952,0.278095238095238,62504,0.0573326771653543,0.272864416368094,0.185142857142857,"2014",2014,4
"670",6075011100,53322.57,0.0244573524915928,0.704875217643645,0.119433198380567,0.782276203328835,0.0112460638776428,0.173134328358209,0.0630182421227197,0.00398009950248756,0.528554549035053,35.3,0.578771169751871,0.0336746750689248,0.308389129578574,0.0978731784166995,0.356242615202836,0.130679933665008,0.214925373134328,51440,0.0288248337028825,0.221957040572792,0.0908789386401327,"2014",2014,4
"671",6075011200,44934.35,0.0700042426813746,0.633466135458167,0.0994724943481537,0.849284099472494,0.0195930670685757,0.2643811737362,0.0889018012783266,0.00755374782103428,0.526640675763483,39.2,0.54775828460039,0.0133203378817414,0.370695256660169,0.0607537361923327,0.317089018843405,0.277164439279489,0.36316095293434,108827,0.053850296176629,0.290123456790123,0.228355607205113,"2014",2014,4
"672",6075011300,77423.41,0.0382479950647748,0.807747489239598,0.503303055326177,0.358794384805945,0,0.437582128777924,0.159658344283837,0.0210249671484888,0.506867233485939,51.3,0.199803793328973,0.0317200784826684,0.733812949640288,0.0107913669064748,0.597449313276651,0.115637319316689,0.225361366622865,33636,0.0190735694822888,0.567844172994388,0.057161629434954,"2014",2014,7
"673",6075011700,7205.745,0.0139687756778965,0.841059602649007,0.138658628485305,0.604370761115298,0.00979653353428787,0.209251101321586,0.0440528634361234,0.0209251101321586,0.557853910795087,46.6,0.34841628959276,0.0736910148674855,0.446024563671623,0.118939883645766,0.442146089204913,0.0947136563876652,0.170704845814978,57305,0.0835707502374169,0.378595317725753,0.10352422907489,"2014",2014,3
"674",6075011800,79672.21,0.0191256830601093,0.774324324324324,0.452998379254457,0.26742301458671,0.00810372771474878,0.358600583090379,0.246355685131195,0,0.489655172413793,42.8,0.0747126436781609,0.00114942528735632,0.87816091954023,0.0528735632183908,0.797126436781609,0.0145772594752187,0.120991253644315,14330,0.14367816091954,0.729310344827586,0,"2014",2014,7
"675",6075011901,105729.9,0.0090702947845805,0.685846560846561,0.0583413693346191,0.886692381870781,0.0144648023143684,0.13942628418946,0.0246831220813876,0.0533689126084056,0.521824616594573,37.9,0.553283523397562,0.0644907589461266,0.300039323633504,0.104994101454974,0.318914667715297,0.18679119412942,0.290860573715811,56636,0.0739182692307692,0.269046582498912,0.124082721814543,"2014",2014,4
"676",6075011902,73062.86,0,0.752411575562701,0.106830122591944,0.785026269702277,0.0188266199649737,0.118160651920838,0.0372526193247963,0.00582072176949942,0.552,34.6,0.556952380952381,0.020952380952381,0.307428571428571,0.184380952380952,0.406857142857143,0.040162980209546,0.218859138533178,50675,0.0269011898603207,0.384761904761905,0.0325960419091967,"2014",2014,4
"677",6075012000,73838.02,0.00398262128892107,0.87799043062201,0.0470505617977528,0.743679775280899,0,0.106001558846454,0.0654715510522214,0.00116913484021824,0.571147909065394,38.3,0.514454111703621,0.100757788380578,0.268593881560483,0.0870053325849004,0.360931799045748,0.0280592361652377,0.169524551831645,37051,0.0798446266724212,0.471371882086168,0.0249415432579891,"2014",2014,4
"678",6075012100,81356.27,0.0077720207253886,0.812678936605317,0.100751366120219,0.81181693989071,0.00546448087431694,0.118473014480035,0.0157964019306713,0.00394910048266784,0.544633642930857,31.1,0.610681114551084,0.0304437564499484,0.259029927760578,0.14499484004128,0.305727554179567,0.0623080298376481,0.256691531373409,37124,0.0894912736724842,0.37185628742515,0.0386134269416411,"2014",2014,4
"679",6075012201,128759.4,0.0158944876564085,0.840938166311301,0.183678562515598,0.560519091589718,0.00199650611429998,0.187031484257871,0.0685907046476762,0.030359820089955,0.625437062937063,38.7,0.367788461538462,0.0738636363636364,0.359484265734266,0.215253496503497,0.460882867132867,0.0509745127436282,0.113943028485757,28922,0.103448275862069,0.461538461538462,0.0213643178410795,"2014",2014,4
"680",6075012202,85947.72,0.0115501519756839,0.75434391851408,0.165721231766613,0.645461912479741,0.00324149108589951,0.102893890675241,0.126688102893891,0.0360128617363344,0.636245534264372,37.8,0.445274439753167,0.182851575186749,0.240337772003897,0.234166937317311,0.45014615134784,0.0173633440514469,0.0662379421221865,26973,0.10261780104712,0.576810652809354,0.0379421221864952,"2014",2014,4
"681",6075012301,50311.77,0.0153664302600473,0.785321100917431,0.309078771695594,0.516688918558077,0.00667556742323097,0.125407166123779,0.0789902280130293,0.00488599348534202,0.636312849162011,52.6,0.405027932960894,0.140782122905028,0.31731843575419,0.184357541899441,0.53854748603352,0.00732899022801303,0.0366449511400651,15152,0.0762987012987013,0.73854748603352,0.00407166123778502,"2014",2014,7
"682",6075012302,70391.05,0.012866015971606,0.655270655270655,0.0573308270676692,0.782424812030075,0.012218045112782,0.137178051511758,0.0408734602463606,0.028555431131019,0.529388403494837,35.1,0.442811755361398,0.0869737887212073,0.413423351866561,0.0599682287529786,0.424543288324067,0.00503919372900336,0.114221724524076,33988,0.0975918884664132,0.508488278092158,0.0251959686450168,"2014",2014,4
"683",6075012401,129909.1,0.0146958304853042,0.937004405286344,0.317101117158407,0.458321397880264,0.0163276997994844,0.152535328345802,0.141313383208645,0.00623441396508728,0.597658790375027,36.1,0.457402991545632,0.0685020593973553,0.258183394753956,0.38391502276176,0.536960763060915,0,0.027431421446384,16031,0.104053000779423,0.755097613882863,0,"2014",2014,7
"684",6075012402,24477.54,0.00672551492223623,0.825842696629214,0.0511384845091452,0.706980216498694,0.019036954087346,0.189855072463768,0.0603864734299517,0.0154589371980676,0.563218390804598,37.8,0.452107279693487,0.0607132331270262,0.35956380783967,0.0848806366047745,0.328617742410846,0.1,0.143961352657005,37250,0.064143007360673,0.44746317512275,0.0386473429951691,"2014",2014,3
"685",6075012501,67735.95,0.0309433962264151,0.877330716388616,0.304941482444733,0.528608582574772,0.0113784135240572,0.181030551755586,0.129502963976288,0,0.620242458415562,49.1,0.316887510572315,0.121511136171412,0.451931209472794,0.09670143783479,0.436425148012405,0.0182398540811674,0.0250797993616051,12918,0.0990359333917616,0.794753531277025,0,"2014",2014,7
"686",6075012502,174136.7,0.0262455516014235,0.909673286354901,0.429515418502203,0.378579295154185,0,0.190366972477064,0.0518348623853211,0,0.585194174757282,50.8,0.24368932038835,0.126699029126214,0.425970873786408,0.247815533980583,0.551941747572816,0,0.0137614678899083,13695,0.115580736543909,0.725126903553299,0,"2014",2014,7
"687",6075012601,37920.47,0.0976771888028588,0.389339513325608,0.0178970917225951,0.953467561521253,0.0156599552572707,0.263157894736842,0.0942170240415854,0.0129954515919428,0.518607442977191,34.1,0.869147659063625,0,0.110844337735094,0.108043217286915,0.170868347338936,0.150747238466537,0.218323586744639,88937,0.0529765155652649,0.0712284913965586,0.227420402858999,"2014",2014,9
"688",6075012602,12765.23,0.177428106348345,0.431617264690588,0.0284922833399288,0.940641076375148,0.0435298773248912,0.281524926686217,0.175953079178886,0,0.461786520477265,36,0.871009351821993,0,0.0893260238632699,0.0328926152853918,0.149951628506933,0.239882697947214,0.392961876832845,106243,0.0434782608695652,0.072879716220574,0.300293255131965,"2014",2014,9
"689",6075012700,22399.94,0.124515295131409,0.360734586794928,0.0374648766781143,0.873556041211364,0.0112394630034343,0.32,0.145882352941176,0,0.484300159659393,37.3,0.840872804683342,0.0478978179882916,0.0747738158594997,0.0212879191059074,0.176955827567855,0.230588235294118,0.408,86505,0.0797642436149312,0.115753060138371,0.258352941176471,"2014",2014,9
"690",6075012800,25533.58,0.158724202626642,0.355658198614319,0.0416024653312789,0.921931176168464,0.0208012326656394,0.292652552926526,0.191780821917808,0.0029057700290577,0.456601466992665,33.7,0.813569682151589,0.0189486552567237,0.1079869600652,0.102281988590057,0.1960065199674,0.340390203403902,0.452469904524699,88687,0.0495356037151703,0.114710676446618,0.308426733084267,"2014",2014,9
"691",6075012901,37009.02,0.136550912301354,0.492079207920792,0.0135535789919526,0.914443032613299,0.0228716645489199,0.252348993288591,0.0597315436241611,0.00536912751677852,0.433153013910355,32.5,0.799072642967543,0.000772797527047913,0.129443585780526,0.0309119010819165,0.133307573415765,0.279194630872483,0.351006711409396,90627,0.0365033621517771,0.0605120248254461,0.257718120805369,"2014",2014,9
"692",6075012902,25301.43,0.143179765130985,0.529245663574022,0.0170765027322404,0.934084699453552,0.0228825136612022,0.186498300145702,0.0825643516270034,0,0.474448315911731,30.9,0.793844367015099,0.0133565621370499,0.140534262485482,0.0757839721254355,0.16869918699187,0.261777561923264,0.373482272948033,76698,0.0413926499032882,0.137144549763033,0.171442447790189,"2014",2014,9
"693",6075013000,32174.73,0.0682492581602374,0.42486205777345,0.0352077001013171,0.915400202634245,0.0124113475177305,0.309904153354633,0.123402555910543,0,0.500219876868953,34.2,0.857519788918206,0,0.103781882145998,0.0591468777484609,0.120052770448549,0.279552715654952,0.361022364217252,88561,0.081879988176175,0.143991179713341,0.222843450479233,"2014",2014,9
"694",6075013101,56764.03,0.013986013986014,0.55982905982906,0.00030571690614491,0.96514827269948,0.0614490981351269,0.226064951497259,0.10037958667229,0.0168705187684521,0.479029279873384,34.1,0.739118965972039,0.0279609601688209,0.174096544447375,0.0667370087048272,0.195462938538644,0.20075917334458,0.293968789540278,103264,0.0306829429231277,0.0785579768630616,0.306199915647406,"2014",2014,9
"695",6075013102,29297.5,0.0349971313826736,0.576879271070615,0.0122699386503067,0.967689161554192,0.0425357873210634,0.271658415841584,0.047029702970297,0.00495049504950495,0.478083209509658,36.5,0.909732540861813,0.00037147102526003,0.0739227340267459,0.050520059435364,0.153046062407132,0.194925742574257,0.440594059405941,102817,0.0137211855104281,0.112841945288754,0.245668316831683,"2014",2014,9
"696",6075013200,22243.35,0.281786941580756,0.345107592367032,0.00627037873087534,0.960371206420868,0.0326059694005518,0.41757779646762,0.147182506307822,0.00588730025231287,0.525239616613419,40.6,0.828328008519702,0.0187433439829606,0.130777422790202,0.040468583599574,0.140788072417465,0.47434819175778,0.578637510513036,133974,0.0460829493087558,0.0715050310426033,0.361648444070648,"2014",2014,9
"697",6075013300,19969.25,0.310772163965682,0.318906605922551,0.041157172681181,0.902773635550253,0.0453325380256487,0.448400412796698,0.263157894736842,0.00825593395252838,0.458054439982151,40.6,0.786702365015618,0.0174029451137885,0.129852744310576,0.0829986613119143,0.166443551985721,0.506707946336429,0.549019607843137,106516,0.070534223706177,0.178378378378378,0.377708978328173,"2014",2014,9
"698",6075013400,29017.1,0.172492056286882,0.420868890612878,0.0333642261353105,0.899598393574297,0.020389249304912,0.318798449612403,0.158914728682171,0.0184108527131783,0.473790322580645,35.6,0.859627016129032,0.0148689516129032,0.0924899193548387,0.092741935483871,0.164566532258065,0.286821705426357,0.381298449612403,91708,0.0423728813559322,0.118617439120189,0.232073643410853,"2014",2014,9
"699",6075013500,28544.67,0.0792880258899676,0.460714285714286,0.0305010893246187,0.928104575163399,0.0174291938997821,0.171100362756953,0.060459492140266,0.0235792019347037,0.455246913580247,34.8,0.802469135802469,0.0165895061728395,0.141203703703704,0.0767746913580247,0.152391975308642,0.18863361547763,0.301692865779927,93739,0.0446379967338051,0.106867283950617,0.198307134220073,"2014",2014,9
"700",6075015100,31291.14,0.0126791620727674,0.561216105176664,0.0769622833843017,0.906727828746177,0.0591233435270133,0.124749833222148,0.0100066711140761,0.0113408939292862,0.504748338081671,49.2,0.640075973409307,0,0.292022792022792,0.084045584045584,0.374169040835708,0.260840560373582,0.442961974649766,73049,0.0539291217257319,0.153066151617576,0.120080053368913,"2014",2014,9
"701",6075015200,35854.16,0.0479345284489478,0.469204448246364,0.028105167724388,0.902689634330613,0.00604412209126624,0.193441261934413,0.0942299709422997,0.0190950601909506,0.479430789133247,37.7,0.693402328589909,0.0367399741267788,0.234670116429495,0.0382923673997413,0.21267787839586,0.213781652137817,0.29804898298049,60658,0.0535433070866142,0.225464190981432,0.104607721046077,"2014",2014,4
"702",6075015300,22894.65,0.213098729227761,0.400287976961843,0.0454807138744963,0.885434657455383,0.0316637881404721,0.239451476793249,0.164556962025316,0.0179324894514768,0.477734753146176,35.4,0.696030977734753,0.0876089060987415,0.140367860600194,0.095837366892546,0.166021297192643,0.29957805907173,0.325949367088608,72589,0.0663538873994638,0.182773109243697,0.226793248945148,"2014",2014,9
"703",6075015400,21324.9,0.201181489990154,0.447336923997606,0.0382235969951392,0.881352187361909,0.0278391515687141,0.347633639768471,0.165474974463739,0.00408580183861083,0.456386030032057,37.3,0.639784039142905,0.0371182723131432,0.266745402395816,0.0620887464147123,0.218660367808335,0.295199182839632,0.337759618658495,70180,0.0914927768860353,0.189221152221659,0.168539325842697,"2014",2014,6
"704",6075015500,32459.35,0.0247626908790755,0.619019138755981,0.140629430110576,0.770343067762971,0.0102069747660902,0.231846019247594,0.073928258967629,0,0.433129147524247,47.7,0.576059213884635,0.0587034201123022,0.309596733027055,0.133486472690148,0.365237366003063,0.0993000874890639,0.328521434820647,55654,0.0591517857142857,0.389861510321401,0.118110236220472,"2014",2014,4
"705",6075015600,26606.56,0.216643741403026,0.471916971916972,0.06237721021611,0.855599214145383,0.0230844793713163,0.368140243902439,0.233231707317073,0,0.497180762852405,38.5,0.56318407960199,0.024212271973466,0.333333333333333,0.0464344941956882,0.285903814262023,0.276676829268293,0.274390243902439,53914,0.074792243767313,0.274542429284526,0.145579268292683,"2014",2014,6
"706",6075015700,25923.1,0.164952110677545,0.523290161326971,0.0670132871172733,0.844791064895051,0.0302330059695744,0.261210762331839,0.121823617339312,0.00747384155455904,0.458975277678252,28.1,0.584497790517138,0.0623432461483339,0.260360683148214,0.136032485369641,0.179744416577093,0.250373692077728,0.26831091180867,39646,0.0742880726372266,0.242024386170035,0.115844544095665,"2014",2014,6
"707",6075015801,28172.93,0.0898748577929465,0.578508341511286,0.0713324360699865,0.733849259757739,0.022207267833109,0.311242603550296,0.198816568047337,0.0289940828402367,0.506688068485821,36.9,0.481540930979133,0.299625468164794,0.15195291599786,0.113697164258962,0.250401284109149,0.233727810650888,0.192899408284024,44887,0.0645454545454545,0.361557310100735,0.0828402366863905,"2014",2014,4
"708",6075015802,43031.47,0.0639952153110048,0.593184238551651,0.0164592533119229,0.931754315535929,0.0216780409474107,0.197868087941372,0.0926049300466356,0.0532978014656895,0.546704265068735,33.7,0.697920338385619,0.0810715544589355,0.12407472682411,0.127952062037363,0.229115262601339,0.150566289140573,0.268487674883411,67610,0.0827067669172932,0.284850640113798,0.151232511658894,"2014",2014,4
"709",6075015900,35782.57,0.0395240118997025,0.591649694501018,0.0754778101716877,0.793650793650794,0.0184645286686103,0.245327102803738,0.135046728971963,0.0275700934579439,0.46238666993384,37.7,0.410193580004901,0.147022788532223,0.371477579024749,0.0818426856162705,0.396961529037001,0.236915887850467,0.291588785046729,36253,0.0645765091249415,0.412793603198401,0.0822429906542056,"2014",2014,4
"710",6075016000,41770.83,0.0401761144744084,0.543520309477756,0.036563071297989,0.847806215722121,0.0210237659963437,0.218215158924205,0.0617359413202934,0.0189486552567237,0.531347962382445,42.9,0.547021943573668,0.0466300940438871,0.291144200626959,0.106583072100313,0.420062695924765,0.286063569682152,0.196210268948655,53747,0.0397310513447433,0.273902821316614,0.0727383863080685,"2014",2014,4
"711",6075016100,35700.88,0.0999646767926528,0.50249500998004,0.183476938672073,0.637607704004055,0.0179929042067917,0.171428571428571,0.153246753246753,0.00408163265306122,0.444837758112094,39.4,0.28259587020649,0.329006882989184,0.314847590953786,0.0578171091445428,0.462143559488692,0.0489795918367347,0.049721706864564,22377,0.129881154499151,0.631204271307099,0.0192949907235622,"2014",2014,3
"712",6075016200,24713.82,0.0407213496218732,0.642285104111052,0.0233172019357677,0.853497580290365,0.0246370435547734,0.118849840255591,0.0798722044728434,0.0306709265175719,0.592549923195084,34.8,0.650537634408602,0.0407066052227343,0.174347158218126,0.156298003072197,0.208909370199693,0.109904153354633,0.236421725239617,56081,0.0461615654791771,0.322964669738863,0.0984025559105431,"2014",2014,4
"713",6075016300,50015.91,0.0937642239417387,0.661752433936022,0.0737599588794654,0.783603186841429,0.0251863274222565,0.134549038935436,0.154756037456875,0.0487925086249384,0.57139848357203,32.3,0.536015164279697,0.274852569502949,0.116048862679023,0.178390901432182,0.284119629317607,0.173484475110892,0.175948743223263,64978,0.0491846396633351,0.313965772237482,0.216855593888615,"2014",2014,4
"714",6075016400,34648.02,0.039460020768432,0.640136054421769,0.0968660968660969,0.818233618233618,0.0170940170940171,0.187602852441031,0.0899616017553483,0.0246845858475041,0.523821039903265,35.1,0.723095525997582,0.097944377267231,0.104957678355502,0.122128174123337,0.20459492140266,0.164563905650027,0.13713658804169,50561,0.0514285714285714,0.230223123732252,0.116291826659353,"2014",2014,4
"715",6075016500,40458.62,0.0337569499602859,0.538104897131266,0.0624203821656051,0.858811040339703,0.0307855626326964,0.240998363338789,0.190261865793781,0,0.463452566096423,35.3,0.658026611370313,0.125108000691204,0.113357525488163,0.149472956626922,0.234145498531191,0.204991816693944,0.18657937806874,48221,0.0738890349723902,0.237741193131528,0.125613747954173,"2014",2014,6
"716",6075016600,41789.34,0.0688622754491018,0.61861268822513,0.0288461538461538,0.894667832167832,0.0364947552447552,0.199013157894737,0.111019736842105,0.0164473684210526,0.586057431822286,32.3,0.753476611883692,0.0476792486906267,0.111070977063392,0.0702546505327795,0.145927397507676,0.176398026315789,0.236430921052632,52032,0.0574844791906185,0.232255734152068,0.103207236842105,"2014",2014,4
"717",6075016700,26180,0.0968627450980392,0.526057791537668,0.0164048059149723,0.950092421441775,0.0210258780036969,0.190181518151815,0.070957095709571,0.0429042904290429,0.604637096774194,35.3,0.843951612903226,0.0276209677419355,0.0917338709677419,0.0875,0.156653225806452,0.287953795379538,0.338283828382838,76165,0.0582970488630866,0.203696181965881,0.213283828382838,"2014",2014,9
"718",6075016801,38008.3,0.152261018889525,0.621621621621622,0.0291190563951345,0.876520457058607,0.0357537781054184,0.159516616314199,0.148036253776435,0.0386706948640483,0.599579453289276,35.2,0.621207569840793,0.157705016521478,0.137578852508261,0.0796034845298889,0.162511264644037,0.186706948640483,0.230211480362538,53825,0.0867507886435331,0.234761617380809,0.123867069486405,"2014",2014,4
"719",6075016802,35523.89,0.0553580497714576,0.65603532875368,0.0964485981308411,0.867663551401869,0.0553271028037383,0.159119496855346,0.049685534591195,0.0283018867924528,0.606695975650998,37.8,0.617517754480893,0.0933378424078458,0.190395671288468,0.0909705782888062,0.178897531281704,0.243396226415094,0.279245283018868,72941,0.0728980322003578,0.252453468697124,0.208805031446541,"2014",2014,4
"720",6075016900,26596.08,0.106823266219239,0.683707596751075,0.0483870967741935,0.864516129032258,0.0584229390681004,0.166562694946974,0.0810979413599501,0.0530255770430443,0.653095001655081,39.1,0.790797749089705,0.0360807679576299,0.0956636875206885,0.125124131082423,0.171797418073486,0.261384903306301,0.318153462258266,66682,0.0655668358714044,0.210438273670124,0.140985651902682,"2014",2014,9
"721",6075017000,21275.89,0.253164556962025,0.422439759036145,0.0105865522174535,0.967668097281831,0.0927038626609442,0.194161260426321,0.0815569972196478,0.150602409638554,0.660098522167488,45.7,0.821104485351309,0.0321493388644024,0.120560020741509,0.0505574280528908,0.225563909774436,0.581093605189991,0.389712696941613,89270,0.0484151863462208,0.115893181228934,0.265060240963855,"2014",2014,9
"722",6075017101,29397.31,0.243641912512716,0.441531419059509,0.0140280561122244,0.931529726118904,0.0384101536406146,0.38263849229012,0.142775556824672,0.0211307824100514,0.512510542592072,38.9,0.858588698341299,0.0300815293786899,0.037391059881923,0.0775934776497048,0.150126511104864,0.366647629925757,0.478012564249001,90004,0.0302427377636291,0.0938993533876862,0.288406624785837,"2014",2014,9
"723",6075017102,33919.08,0.17124394184168,0.580795413830168,0,0.956550802139037,0.0594919786096257,0.296639629200463,0.161645422943221,0.0353418308227115,0.476696012428793,34.9,0.793371310201968,0.0305541170378042,0.0719834282755049,0.0978767477990678,0.120921802175039,0.309385863267671,0.414831981460023,73930,0.0657152339860604,0.158631415241058,0.254924681344148,"2014",2014,9
"724",6075017601,29625.37,0.0402752479255212,0.745834595577098,0.194133604611733,0.60715496778569,0.0176330959647338,0.182099561516637,0.117874645344338,0.00644828475625484,0.571052631578947,44,0.29612188365651,0.133379501385042,0.481024930747922,0.057617728531856,0.438919667590028,0.139540882125355,0.122001547588342,36659,0.0738589211618257,0.550861589772096,0.0484911013670364,"2014",2014,3
"725",6075017700,4742.113,0.138259833134684,0.579854809437387,0.217605633802817,0.73169014084507,0.0176056338028169,0.220850480109739,0.101508916323731,0.0315500685871056,0.608222490931076,36.7,0.541112454655381,0.0205562273276904,0.0798065296251512,0.370012091898428,0.392986698911729,0.167352537722908,0.264746227709191,50943,0.0821576763485477,0.326481257557437,0.15363511659808,"2014",2014,6
"726",6075017801,37098.01,0.0196708149337615,0.610738255033557,0.358914209115281,0.519101876675603,0.00402144772117962,0.26448136506511,0.0264930399640772,0.00808262236192187,0.380300065231572,71.4,0.267775603392042,0.0557729941291585,0.652641878669276,0.0326157860404436,0.659165035877365,0.165244723843736,0.170633138751684,44642,0.0761736049601417,0.577930582842174,0.0907049842837899,"2014",2014,7
"727",6075017802,21866.96,0.0408249158249158,0.574066302979438,0.157836338418863,0.663522884882108,0.020249653259362,0.269866666666667,0.134933333333333,0.0192,0.5121894590202,38.9,0.458323659159508,0.0856744833991177,0.306477826793592,0.155792895286743,0.368702112839564,0.277866666666667,0.1328,46709,0.0990173847316704,0.327361563517915,0.155733333333333,"2014",2014,4
"728",6075017902,2934.652,0.398809523809524,0.561989606533036,0.113022113022113,0.684275184275184,0.00675675675675676,0.213375796178344,0.396496815286624,0.00636942675159236,0.53584171261758,26.1,0.37463509568602,0.233214401556925,0.159909179370743,0.25819007460266,0.275705481673694,0,0.0668789808917197,14101,0.117063492063492,0.711212976022567,0.0191082802547771,"2014",2014,3
"729",6075018000,8933.424,0.0190718372536554,0.523780854906683,0.134890730972118,0.72871137905049,0.0139412207987943,0.294161123429416,0.0487804878048781,0.0258684405025868,0.702042079207921,38.1,0.472772277227723,0.159034653465347,0.207920792079208,0.175742574257426,0.246905940594059,0.434589800443459,0.297856614929786,64052,0.0675013609145346,0.299615384615385,0.299334811529933,"2014",2014,4
"730",6075020100,30546.94,0.0152845528455285,0.694159292035398,0.2765617875057,0.588919288645691,0,0.131491712707182,0.103130755064457,0.0500920810313076,0.642191363895758,39.3,0.516834696595016,0.0433707437702111,0.19079322807685,0.362754422674529,0.407837169488301,0.207734806629834,0.172007366482505,37521,0.0879746835443038,0.509705938881415,0.110128913443831,"2014",2014,4
"731",6075020200,45638.76,0.0572947430596574,0.606468231253578,0.102201257861635,0.813679245283019,0.0345911949685535,0.171281390856407,0.098518995492595,0.0357372826786864,0.640389131164039,37.5,0.649111036564911,0.0593760483059376,0.136028178463603,0.257463938275746,0.272559543777256,0.170315518351578,0.262073406310367,47892,0.0930870975792363,0.328245555182825,0.0824211204121056,"2014",2014,4
"732",6075020300,27541.12,0.0805295091009377,0.6572265625,0.0522501906941266,0.913806254767353,0.0194508009153318,0.18628640776699,0.123179611650485,0.0885922330097087,0.634779750164365,38.5,0.737343852728468,0.0200525969756739,0.131163708086785,0.146942800788955,0.204799474030243,0.316140776699029,0.390776699029126,65513,0.0741906474820144,0.208415516107824,0.121966019417476,"2014",2014,9
"733",6075020401,24458.27,0.400107991360691,0.364057239057239,0.0185581727337616,0.901498929336188,0.0628122769450393,0.158018867924528,0.0630896226415094,0.173349056603774,0.618770226537217,44.3,0.806148867313916,0.0401294498381877,0.0715210355987055,0.0491909385113269,0.19546925566343,0.51002358490566,0.375589622641509,97548,0.0344268934791414,0.0880339093576785,0.284198113207547,"2014",2014,9
"734",6075020402,18070.94,0.247161241483724,0.292755787901419,0.0179514255543823,0.897835269271383,0.0208553326293559,0.1695599515543,0.0779168348809043,0.0407751312071054,0.64922480620155,41.3,0.763081395348837,0.028827519379845,0.143168604651163,0.0864825581395349,0.245881782945736,0.261606782398062,0.318530480419863,70371,0.0463347164591978,0.125484496124031,0.155026241421074,"2014",2014,9
"735",6075020500,24747.61,0.238723108952117,0.534473543559594,0.0195822454308094,0.904264577893821,0.0443864229765013,0.206671501087745,0.11530094271211,0.0768672951414068,0.631897203325775,42.4,0.845804988662131,0.0234315948601663,0.0578231292517007,0.0884353741496599,0.170445956160242,0.390137781000725,0.377810007251632,84727,0.0415831663326653,0.190439770554493,0.255982596084119,"2014",2014,9
"736",6075020600,21063.17,0.273285568065507,0.555322862129145,0.0281173594132029,0.916870415647922,0.067481662591687,0.255129694154084,0.103368176538908,0.0805265195509098,0.626220968092034,42.6,0.792706750596918,0.0188843064901237,0.0779248968960278,0.125895376600825,0.179943564141524,0.442895857530004,0.413472706155633,102669,0.0732853116191669,0.175168222270458,0.292682926829268,"2014",2014,9
"737",6075020700,40391,0.139803784162579,0.632249674902471,0.0201998262380539,0.915725456125109,0.0360556038227628,0.196241416696784,0.119985543910372,0.0719190458980846,0.480007370554634,35.5,0.740740740740741,0.00921319329279528,0.115533443891653,0.134144094343099,0.232172470978441,0.268883267076256,0.374412721358872,88931,0.0503527122354658,0.163073521282477,0.268883267076256,"2014",2014,9
"738",6075020800,46262.35,0.081002542680712,0.698691034823413,0.28369089772964,0.585503020204124,0.0241616329931264,0.294892258579409,0.168395849960096,0.0171588188347965,0.582982853445487,35.2,0.635716596570689,0.0315431899061792,0.131025558071821,0.508249757360078,0.485603364606923,0.141660015961692,0.228252194732642,43870,0.0803771890435564,0.427369783241669,0.12609736632083,"2014",2014,6
"739",6075020900,39094.13,0.121485411140584,0.637422642883145,0.195474372955289,0.626226826608506,0.00708833151581243,0.265353418308227,0.233487833140209,0.0498261877172654,0.497565106923566,37.5,0.58479779800974,0.0116451408003388,0.135295363116663,0.495659538428965,0.42197755663773,0.134994206257242,0.171494785631518,31104,0.0677397719651241,0.464475079533404,0.0718424101969873,"2014",2014,6
"740",6075021000,37770.47,0.114672686230248,0.60492700729927,0.0295443164747121,0.932398597896845,0.0200300450676014,0.271662763466042,0.131615925058548,0.0318501170960187,0.601404741000878,36.4,0.74846356453029,0.00570676031606672,0.126865671641791,0.130377524143986,0.161545215100966,0.264168618266979,0.353629976580796,73520,0.0404127257093723,0.111160417128911,0.256206088992974,"2014",2014,9
"741",6075021100,24372.87,0.409113179813817,0.445484133441823,0.0152532031726663,0.905125076266016,0.0967053081147041,0.297008547008547,0.185897435897436,0.0721153846153846,0.513648885549712,39.9,0.771349862258953,0.0187828700225394,0.120210368144252,0.141998497370398,0.176809416478838,0.46741452991453,0.436431623931624,88799,0.0684467845054532,0.146592909228061,0.30982905982906,"2014",2014,9
"742",6075021200,21286.57,0.408712363869315,0.334059945504087,0.0102084219481072,0.937898766482348,0.0918757975329647,0.324061196105702,0.187065368567455,0.0598052851182197,0.517945109078114,40.4,0.818085855031668,0.0116115411681914,0.097466572836031,0.0883180858550317,0.158691062631949,0.553546592489569,0.474269819193324,81437,0.0593005575266092,0.134180790960452,0.253824756606398,"2014",2014,9
"743",6075021300,21777.71,0.514396887159533,0.420235878336437,0.0213592233009709,0.937378640776699,0.0669902912621359,0.40593220338983,0.226271186440678,0.0830508474576271,0.555217060167555,38.9,0.804645849200305,0,0.12033511043412,0.0864432597105864,0.173267326732673,0.582203389830508,0.349152542372881,89820,0.0401396160558464,0.116907844630617,0.394067796610169,"2014",2014,9
"744",6075021400,25329.15,0.286343612334802,0.393017009847807,0.0369318181818182,0.921519886363636,0.0724431818181818,0.367691380349608,0.21458710066305,0.0560578661844485,0.500722752240532,38.2,0.784908933217693,0.002601908065915,0.136166522116219,0.130673605088176,0.17692974848222,0.50210970464135,0.529837251356239,83119,0.0629691409507923,0.0702515177797051,0.295961422543701,"2014",2014,9
"745",6075021500,26865.39,0.286135693215339,0.5,0.0584586017656884,0.900262467191601,0.036745406824147,0.294594594594595,0.191891891891892,0.072972972972973,0.470072138818483,40.7,0.771690387989862,0.0382140768180932,0.104893741470072,0.208227724702671,0.249756287775395,0.441312741312741,0.344787644787645,64537,0.0619186046511628,0.120491323844804,0.16949806949807,"2014",2014,9
"746",6075021600,18775.75,0.433123877917415,0.412642045454545,0.0540772532188841,0.922174535050072,0.0434907010014306,0.294287085933749,0.135381661065771,0.0849735957753241,0.504959630911188,43.6,0.596309111880046,0.0666666666666667,0.195155709342561,0.146251441753172,0.21038062283737,0.650984157465194,0.478636581853096,70927,0.038887026483406,0.131718569780854,0.218434949591935,"2014",2014,9
"747",6075021700,8588.055,0.649845520082389,0.370541917554423,0.0587150322778973,0.837995696280357,0.043652013525976,0.343949044585987,0.200106157112527,0.0573248407643312,0.517528806079922,46.3,0.621721010051483,0.123559696003923,0.171855847021329,0.081637656288306,0.197842608482471,0.674097664543524,0.409235668789809,63093,0.0656156795909672,0.164746261338563,0.214968152866242,"2014",2014,9
"748",6075021800,21893.63,0.543850544888428,0.417644678267908,0.0184030869694271,0.922232116355001,0.06233303650935,0.437333333333333,0.248533333333333,0.0336,0.51840490797546,38,0.783860311467673,0.0176970268994809,0.0788107597923549,0.113260972156678,0.154554034922133,0.520533333333333,0.4976,69383,0.0671091445427729,0.148655025955639,0.285333333333333,"2014",2014,9
"749",6075022600,3559.476,0.10432033719705,0.444522471910112,0.0100472813238771,0.962765957446808,0.0431442080378251,0.332951945080092,0.137299771167048,0.0697940503432494,0.584673097534834,35.7,0.613612004287245,0.082529474812433,0.259378349410504,0.082529474812433,0.242765273311897,0.506864988558352,0.288329519450801,96682,0.0380761523046092,0.0718113612004287,0.416475972540046,"2014",2014,9
"750",6075022702,20959.71,0.255639097744361,0.376907763769078,0.0411764705882353,0.890909090909091,0.0529411764705882,0.468623481781377,0.219635627530364,0.0232793522267206,0.536351763169351,37.2,0.750544188071397,0.0243796255986069,0.131040487592512,0.0857640400522421,0.220287331301698,0.378542510121458,0.373481781376518,84826,0.0157035175879397,0.0658070253445976,0.337044534412955,"2014",2014,9
"751",6075022704,15760.36,0.373678025851939,0.308431629532547,0.0126006300315016,0.935596779838992,0.0651032551627581,0.376775787523162,0.152563310685608,0.0259419394688079,0.532287266143633,39.6,0.73958961979481,0.00965600482800241,0.171394085697043,0.0730235365117683,0.203379601689801,0.520691785052502,0.516985793699815,94763,0.0599432968813285,0.0932407966203983,0.317479925880173,"2014",2014,9
"752",6075022801,22339.1,0.251874062968516,0.553536664503569,0.158195020746888,0.710321576763486,0.0199688796680498,0.355057351407716,0.258602711157456,0.0375391032325339,0.556936647955092,34.6,0.626102646351243,0.0394947874899759,0.147554129911788,0.32598235765838,0.271852445870088,0.413972888425443,0.282586027111575,52650,0.0837236533957845,0.293844601412714,0.214807090719499,"2014",2014,6
"753",6075022802,19767.03,0.244343891402715,0.544573643410853,0.183972911963883,0.598758465011287,0.00733634311512415,0.25085910652921,0.180412371134021,0.0189003436426117,0.488738738738739,39.7,0.535135135135135,0.0382882882882883,0.18018018018018,0.410810810810811,0.306756756756757,0.262886597938144,0.194158075601375,29658,0.0251396648044693,0.4544474393531,0.130584192439863,"2014",2014,6
"754",6075022803,45266.03,0.240094618568894,0.531555855551806,0.210806494543519,0.591695501730104,0.00346020761245675,0.372710044219836,0.279216677195199,0.0227416298168035,0.505476673427992,34.6,0.598377281947262,0.0200811359026369,0.0841784989858012,0.59553752535497,0.406288032454361,0.260265319014529,0.228048010107391,33557,0.0993714456749476,0.342664487127094,0.0947567909033481,"2014",2014,6
"755",6075022901,52215.49,0.234234234234234,0.633408071748879,0.292920607623961,0.504729148753224,0.00859845227858985,0.286013986013986,0.340559440559441,0.0188811188811189,0.556329617834395,33.2,0.513734076433121,0.039609872611465,0.0971337579617834,0.616242038216561,0.47531847133758,0.226573426573427,0.188111888111888,28587,0.119130160731169,0.422372611464968,0.0727272727272727,"2014",2014,6
"756",6075022902,39331.63,0.259217877094972,0.636765634870499,0.192209123526397,0.647872885699641,0.01742696053306,0.306650246305419,0.16256157635468,0.0270935960591133,0.478861788617886,36.4,0.664634146341463,0.0882113821138211,0.075609756097561,0.471951219512195,0.282926829268293,0.456896551724138,0.285714285714286,42994,0.0775416427340609,0.259349593495935,0.161330049261084,"2014",2014,6
"757",6075022903,25885.25,0.388984509466437,0.430005906674542,0.10159529806885,0.746011754827876,0.00923593618807725,0.261220825852783,0.268402154398564,0.0394973070017953,0.487568614788505,38,0.544397804326768,0.0219567323216016,0.136583790765257,0.474007103648692,0.37197287697772,0.42818671454219,0.237881508078995,37836,0.0812077043206663,0.317455138662316,0.104129263913824,"2014",2014,6
"758",6075023001,18797.5,0.933566433566434,0.326672862453532,0.380523731587561,0.387888707037643,0.00272776868521549,0.523238380809595,0.346326836581709,0.0142428785607196,0.510031023784902,44.7,0.156980351602896,0.146225439503619,0.658738366080662,0.124715615305067,0.555739400206825,0.707646176911544,0.155172413793103,22120,0.130068245684464,0.496577473553205,0.0689655172413793,"2014",2014,5
"759",6075023003,27600.17,0.941370767960363,0.198905109489051,0.206398996235885,0.549874529485571,0,0.535964912280702,0.397368421052632,0.0087719298245614,0.469672693980316,36.9,0.150606546120394,0.344243533989471,0.420004577706569,0.130464637216754,0.441519798580911,0.716666666666667,0.164035087719298,28254,0.112015503875969,0.22273460917685,0.0719298245614035,"2014",2014,5
"760",6075023102,25187.54,0.447637292464879,0.361142217245241,0.164561530133526,0.58534824972934,0.00757849151930711,0.128926701570681,0.433900523560209,0.00392670157068063,0.442094455852156,29.3,0.0948665297741273,0.660369609856263,0.128747433264887,0.0862422997946612,0.120328542094456,0.327225130890052,0.081151832460733,18145,0.156810035842294,0.601437371663244,0.0484293193717278,"2014",2014,3
"761",6075023103,6051.899,0.223111111111111,0.232203389830508,0.260015710919089,0.458758837391987,0,0.142034548944338,0.564299424184261,0.00959692898272553,0.440354464894342,20,0.127130197682345,0.506134969325153,0.0310156782549421,0.214383094751193,0.104976141785958,0.0863723608445297,0.0393474088291747,9721,0.304245283018868,0.840149965916837,0,"2014",2014,3
"762",6075023200,13086.29,0.720687079910381,0.331727874774232,0.289068231841526,0.53448275862069,0.012472487160675,0.349633251833741,0.439282803585982,0.0122249388753056,0.478351470247743,34.9,0.25654086594119,0.455197962491317,0.165084510303311,0.279925908775179,0.325075248900208,0.515077424612877,0.118989405052975,18277,0.160942100098135,0.427645288261172,0.0105949470252649,"2014",2014,3
"763",6075023300,13697.36,0.613880742913001,0.340035481963335,0.294280078895464,0.450493096646943,0,0.551925320886814,0.400233372228705,0,0.489159489159489,42.6,0.146718146718147,0.0994950994950995,0.67032967032967,0.14048114048114,0.651321651321651,0.666277712952159,0.198366394399067,24042,0.110994764397906,0.265336509827278,0.0781796966161027,"2014",2014,5
"764",6075023400,11220.6,0.643720930232558,0.357357357357357,0.306397306397306,0.391053391053391,0,0.36734693877551,0.36734693877551,0,0.560962422276291,27.9,0.125709651257097,0.219248445525818,0.226007028926737,0.469316031359827,0.424168694241687,0.411385606874329,0.0408163265306122,16021,0.177325581395349,0.629359286293593,0.0236305048335124,"2014",2014,3
"765",6075025100,15830.69,0.754499640028798,0.290751149718958,0.0422993492407809,0.855386840202458,0.0115690527838033,0.459659511472983,0.232420429311621,0.0903034789045152,0.533215755437978,41.8,0.666960611405056,0.0676072898295121,0.175191064079953,0.208406819517931,0.206937095825985,0.749814951887491,0.35159141376758,55924,0.0822293284604842,0.217519106407995,0.148778682457439,"2014",2014,9
"766",6075025200,23498.55,0.627753303964758,0.378063725490196,0.0529933481152993,0.842572062084257,0.0321507760532151,0.43115438108484,0.286509040333797,0.0542420027816412,0.483129091824744,34.8,0.652173913043478,0.0379385596776901,0.100721839852275,0.309551787812657,0.14655027698506,0.510894761242466,0.400556328233658,57407,0.112444560396556,0.275786639744237,0.247102457116365,"2014",2014,9
"767",6075025300,31843.92,0.325688073394495,0.528492008339124,0.0771130625686059,0.749176728869374,0.0290889132821076,0.356497175141243,0.264971751412429,0.0355932203389831,0.527342094107673,37.1,0.64540059347181,0.0381517592200085,0.119330224671471,0.30288257736329,0.29080118694362,0.429378531073446,0.340112994350282,54865,0.0432397547595999,0.204373240961247,0.249717514124294,"2014",2014,9
"768",6075025401,23865.38,0.549186128803963,0.445704057279236,0.179966749792186,0.711970074812968,0.0174563591022444,0.376012965964344,0.33387358184765,0.0243111831442464,0.49059982094897,39,0.524321098179648,0.0880334228588481,0.0969859743360191,0.382273948075201,0.29513578036407,0.492706645056726,0.296596434359805,42711,0.100818833162743,0.320109856576137,0.141815235008104,"2014",2014,6
"769",6075025402,28361.47,0.807046979865772,0.407826982492276,0.0988864142538975,0.773719376391982,0.0178173719376392,0.335334476843911,0.305317324185249,0.0668953687821612,0.536659567995132,37.8,0.549741405536964,0.0203833282628537,0.238515363553392,0.299361119561911,0.354122299969577,0.664665523156089,0.267581475128645,47039,0.0835616438356164,0.17681071211199,0.211835334476844,"2014",2014,6
"770",6075025403,25562.21,0.615139949109415,0.412438000763068,0.179454499107826,0.555187356614836,0.00866683660463931,0.377537212449256,0.378213802435724,0.03382949932341,0.527219512195122,38.4,0.461658536585366,0.0893658536585366,0.23590243902439,0.431024390243902,0.464390243902439,0.502706359945873,0.240866035182679,32096,0.156015037593985,0.366490092211105,0.102165087956698,"2014",2014,6
"771",6075025500,20917.34,0.816419612314709,0.313737752762143,0.122519271773003,0.670493685419059,0.0201738559947515,0.493850883935434,0.400076863950807,0.0157571099154497,0.506209751609936,37.8,0.35050597976081,0.00793468261269549,0.37614995400184,0.409153633854646,0.426862925482981,0.696771714066103,0.257494235203689,36122,0.0656836461126005,0.234190410006949,0.136049192928517,"2014",2014,6
"772",6075025600,25670.6,0.906086956521739,0.360246198406951,0.227584517393435,0.515923566878981,0.00465458108770211,0.520074119827054,0.311303273625695,0.0185299567634342,0.553961993546074,44.9,0.279132305485837,0.0256364288275368,0.562746504123342,0.179992828970957,0.513983506633202,0.7183446571958,0.224212476837554,26350,0.0813614262560778,0.269630692004303,0.0487955528103768,"2014",2014,5
"773",6075025701,21218.02,0.862334032145353,0.269382911392405,0.339653304442037,0.491874322860238,0,0.524320457796853,0.339771101573677,0,0.453479280688038,37.7,0.281860828772478,0.0568803752931978,0.579945269741986,0.135066458170446,0.452111024237686,0.648783977110157,0.220314735336195,34937,0.0764748725418791,0.261538461538462,0.13376251788269,"2014",2014,5
"774",6075025702,23454.87,0.774366845740599,0.285584356525693,0.406847360912981,0.334094151212553,0,0.523294509151414,0.426788685524126,0.00166389351081531,0.47650589939971,39.2,0.198923618298489,0.0324984475263921,0.586214034361416,0.285034154419375,0.610846615607535,0.548252911813644,0.148086522462562,22309,0.068304872969596,0.424901595193702,0.112312811980033,"2014",2014,5
"775",6075025800,21373.85,0.612121212121212,0.377337733773377,0.296033994334278,0.488668555240793,0.00141643059490085,0.389967637540453,0.393203883495146,0.0145631067961165,0.429789368104313,38.3,0.248746238716148,0.0541624874623872,0.499498495486459,0.316950852557673,0.499498495486459,0.543689320388349,0.171521035598705,22665,0.102912621359223,0.426196473551637,0.0372168284789644,"2014",2014,5
"776",6075025900,15721,0.919508867667121,0.211009174311927,0.187380497131931,0.625876354365838,0.00446144040790312,0.451706608569354,0.225853304284677,0.018881626724764,0.51001001001001,44.2,0.27002002002002,0.0893393393393393,0.498498498498498,0.18968968968969,0.429429429429429,0.70079883805374,0.301379811183733,36289,0.0853709075839204,0.175231887691151,0.0922294843863471,"2014",2014,6
"777",6075026001,34643.91,0.686630369026013,0.416197975253093,0.284010152284264,0.479441624365482,0.0142131979695431,0.478439425051335,0.395619438740589,0.00752908966461328,0.435389133627019,41.1,0.324155653450808,0.0299192364170338,0.37132892804699,0.447503671071953,0.581314243759178,0.540041067761807,0.180698151950719,24251,0.0819285232636548,0.35003671071953,0.0862422997946612,"2014",2014,6
"778",6075026002,25685.58,0.943414634146341,0.369254341164454,0.192562592047128,0.533873343151694,0.0209867452135493,0.511316872427984,0.34156378600823,0.0277777777777778,0.497323189630882,44.5,0.370245139475909,0.0408565793181178,0.373062834601296,0.317272471118625,0.503522118906734,0.716049382716049,0.237654320987654,28248,0.0514285714285714,0.277726856095325,0.0689300411522634,"2014",2014,6
"779",6075026003,33051.67,0.83659217877095,0.37962636587945,0.27609781751249,0.454115172232448,0,0.466764061358656,0.431701972242513,0.0029218407596786,0.523641357661369,36.1,0.350794585050029,0.00686678438297037,0.471257602511281,0.405532666274279,0.602511281145772,0.630387143900657,0.220598977355734,23474,0.0918207458476966,0.431426875123689,0.0430971512052593,"2014",2014,5
"780",6075026004,35910.38,0.784126984126984,0.439812845597618,0.269274057400113,0.516319639842431,0.0056274620146314,0.445616883116883,0.370941558441558,0,0.49033920137398,37.9,0.351438385573207,0.0167453842851009,0.506655216831258,0.382352941176471,0.573851438385573,0.510551948051948,0.155032467532468,25440,0.116227255848496,0.371618720480893,0.0949675324675325,"2014",2014,5
"781",6075026100,24299.5,0.738107160741112,0.463875759621877,0.243473101265823,0.522349683544304,0.00158227848101266,0.454957221942627,0.365878208354303,0.0105686965274283,0.417056903646942,41.2,0.246629771533986,0.0114942528735632,0.578118348233291,0.274159216687952,0.595856392791259,0.617513839959738,0.19627579265224,24483,0.129833474456675,0.277261683578677,0.0910920986411676,"2014",2014,5
"782",6075026200,26306.91,0.817784256559767,0.360669004585919,0.229584230578102,0.495279112141792,0,0.586934156378601,0.326131687242798,0.00360082304526749,0.498919537307741,43.6,0.236557772975721,0.0115673064700648,0.625015889157239,0.228676750985128,0.57467903902377,0.674897119341564,0.167181069958848,25257,0.106773283160865,0.276473590201582,0.102366255144033,"2014",2014,5
"783",6075026301,32881.59,0.812454742939899,0.332890659583887,0.308519671667138,0.458816869515992,0.00396263798471554,0.431617647058824,0.238235294117647,0.00882352941176471,0.499143835616438,38.8,0.275256849315068,0.0102739726027397,0.503638698630137,0.306292808219178,0.573202054794521,0.560294117647059,0.246323529411765,23739,0.0882002383790226,0.402404981747906,0.05,"2014",2014,5
"784",6075026302,18045.24,0.790500975927131,0.25410447761194,0.213204592901879,0.592901878914405,0.0135699373695198,0.526631158455393,0.364846870838882,0.0252996005326232,0.482908404154863,39.5,0.303493862134089,0.0222851746931067,0.509726156751652,0.253446647780925,0.4219074598678,0.643142476697736,0.180426098535286,25841,0.127848101265823,0.223796033994334,0.0525965379494008,"2014",2014,5
"785",6075026303,32572.24,0.79879427279578,0.431818181818182,0.284720363928285,0.405940594059406,0,0.559335443037975,0.412183544303797,0,0.522833178005592,40.8,0.313327120223672,0.0210624417520969,0.530102516309413,0.317614165890028,0.583038210624418,0.685126582278481,0.244462025316456,21580,0.158490566037736,0.292342512259525,0.0482594936708861,"2014",2014,5
"786",6075026401,28873.59,0.787658802177858,0.364670658682635,0.350838803792852,0.351568198395332,0.00510576221735959,0.486388384754991,0.339382940108893,0.0390199637023593,0.492109416096791,44.8,0.0915307732772225,0.129405576012625,0.663861125723303,0.149921094160968,0.55365597054182,0.64519056261343,0.133393829401089,18638,0.173806006893156,0.435034192530247,0.0136116152450091,"2014",2014,5
"787",6075026402,26254.55,0.882838283828383,0.314425427872861,0.17685095376657,0.591011962495959,0.00420303912059489,0.495762711864407,0.439830508474576,0.00847457627118644,0.477496991576414,41.1,0.156438026474128,0.124187725631769,0.614921780986763,0.141997593261131,0.508303249097473,0.767796610169492,0.272881355932203,28268,0.0760576057605761,0.178458546073426,0.0669491525423729,"2014",2014,5
"788",6075026403,26080.19,0.844768439108062,0.383413461538462,0.323624595469256,0.381517439769867,0.0075512405609493,0.601503759398496,0.293233082706767,0.0112781954887218,0.472997651969736,43.4,0.105922254109053,0.044090790503522,0.728932950691364,0.142447169319071,0.642316723193321,0.603383458646617,0.140977443609023,17529,0.139735772357724,0.519521912350598,0.0150375939849624,"2014",2014,5
"789",6075026404,34047.85,0.818918918918919,0.348434925864909,0.304189435336976,0.374620522161506,0.00303582270795386,0.418569254185693,0.353120243531202,0,0.446688206785137,40.2,0.165993537964459,0.186591276252019,0.548465266558966,0.211227786752827,0.539176090468498,0.528158295281583,0.0684931506849315,18901,0.146426092990978,0.434571890145396,0.0136986301369863,"2014",2014,5
"790",6075030101,35381.9,0.181650530198248,0.541666666666667,0.0317501290655653,0.889519876097057,0.045431078988126,0.240133143128864,0.133618640038041,0.0271041369472183,0.49344331641286,35.9,0.679991539763113,0.0211505922165821,0.211717428087986,0.0835448392554992,0.221023688663283,0.271516880646695,0.378982406086543,51769,0.0590135055783911,0.26993191302438,0.12791250594389,"2014",2014,6
"791",6075030102,10739.83,0.478891257995736,0.405867970660147,0.0181912681912682,0.956081081081081,0.0634095634095634,0.427929950606197,0.194431971261787,0.041311180960934,0.520749665327979,35.1,0.679288582903041,0.0189328743545611,0.195448460508701,0.0923694779116466,0.180722891566265,0.47103726986978,0.499326448136507,61662,0.0448738945299705,0.08575058225704,0.232599910193085,"2014",2014,1
"792",6075030201,30095.23,0.226366888094021,0.515127701375246,0.0877963125548727,0.83201638864501,0.0283874743927422,0.397003745318352,0.1669341894061,0.00535045478865704,0.457456978967495,35.5,0.601338432122371,0.00191204588910134,0.325525812619503,0.0322657743785851,0.308078393881453,0.275548421615837,0.291599785981808,47279,0.0720624778132765,0.171367112810707,0.108614232209738,"2014",2014,6
"793",6075030202,31315.86,0.179219600725953,0.548020384163073,0.0572192513368984,0.868449197860963,0.0393048128342246,0.352998537298879,0.147245246221355,0.0117016089712335,0.484869646182495,33.8,0.586824953445065,0.0195530726256983,0.258612662942272,0.13780260707635,0.275372439478585,0.227693807898586,0.312042905899561,55241,0.0422949613828613,0.242551210428305,0.07557289127255,"2014",2014,6
"794",6075030301,19405.32,0.601398601398601,0.352844996729889,0.091240094238595,0.837866780895267,0.0518312272435211,0.449119793902963,0.188922284242164,0.030055817947617,0.483356940509915,38.6,0.522485835694051,0.00832152974504249,0.395184135977337,0.0860481586402266,0.276203966005666,0.532846715328467,0.432374409617862,57330,0.015581177937052,0.128287707997853,0.144697294976385,"2014",2014,1
"795",6075030302,17086.35,0.864335664335664,0.355170546832702,0.0726895119418484,0.845967462789893,0.0256143994461751,0.598018400566171,0.287331917905166,0.0056617126680821,0.476880081300813,44.4,0.459095528455285,0.00711382113821138,0.473577235772358,0.0609756097560976,0.407520325203252,0.760792639773532,0.552016985138004,56492,0.087933561309233,0.195121951219512,0.251238499646143,"2014",2014,1
"796",6075030400,14456.3,0.824792581747194,0.378935939196526,0.0678010471204188,0.855497382198953,0.0612565445026178,0.633163265306122,0.335204081632653,0.0112244897959184,0.46516355571983,44.2,0.479209018665681,0.0205137682498614,0.42117907965256,0.0303086305673628,0.351690999815191,0.80765306122449,0.518877551020408,75650,0.0717327219128726,0.160229162816485,0.371938775510204,"2014",2014,1
"797",6075030500,6717.483,0.866479925303455,0.214650766609881,0.103419164204306,0.770367243562685,0.029126213592233,0.484939759036145,0.207831325301205,0.0431726907630522,0.518938053097345,50,0.592212389380531,0.0764601769911504,0.210265486725664,0.108672566371681,0.266548672566372,0.742971887550201,0.39859437751004,52035,0.0649762282091918,0.164065795023197,0.242971887550201,"2014",2014,6
"798",6075030600,11688.9,0.992307692307692,0.303135888501742,0.00730337078651685,0.874157303370787,0.0219101123595506,0.584615384615385,0.338461538461538,0.0340659340659341,0.521036974075648,46.4,0.657033574160646,0.00594985125371866,0.262643433914152,0.100297492562686,0.197195070123247,0.816483516483516,0.48021978021978,75542,0.105263157894737,0.0662983425414365,0.259340659340659,"2014",2014,1
"799",6075030700,12495.79,0.978601997146933,0.254555494202098,0.0812694918363603,0.825169693634196,0.0223812144560631,0.560571858540256,0.242663656884876,0.0560571858540256,0.53222302679218,45,0.584648805213613,0.00897900072411296,0.257639391745112,0.134395365677046,0.235916002896452,0.840481565086531,0.515048908954101,56720,0.048079369117273,0.120782041998552,0.267494356659142,"2014",2014,6
"800",6075030800,11778.5,0.882871536523929,0.402136589088134,0.0421052631578947,0.881464530892448,0.0661327231121281,0.653377110694184,0.290337711069418,0.00797373358348968,0.509210060219625,49.2,0.592454835281615,0.0177116542685087,0.303931987247609,0.110874955720864,0.267623095997166,0.831613508442777,0.569887429643527,76189,0.0714285714285714,0.057372654155496,0.343808630393996,"2014",2014,1
"801",6075030900,9257.854,0.957661290322581,0.224966622162884,0.0667061377540951,0.847838957963292,0.0548648115255575,0.689478186484174,0.300256629597947,0.00171086398631309,0.491010726695876,49.7,0.492219368484665,0.0270433600241728,0.409125245505363,0.0770509140353528,0.244901042453543,0.904619332763045,0.547476475620188,63888,0.0591985428051002,0.0798605849371117,0.333190761334474,"2014",2014,1
"802",6075031000,11824.42,0.843108504398827,0.283444387493593,0.0641247833622184,0.833622183708839,0.030155979202773,0.585347432024169,0.287009063444109,0.013595166163142,0.524038461538462,46.8,0.521367521367521,0.0427350427350427,0.31650641025641,0.164797008547009,0.34508547008547,0.744712990936556,0.398791540785498,46823,0.0809302325581395,0.150373931623932,0.148791540785498,"2014",2014,6
"803",6075031100,15865.82,0.674102079395085,0.396705750977108,0.0605832549388523,0.804891815616181,0.0174976481655691,0.475019825535289,0.247422680412371,0.0245836637589215,0.49681914571342,39.7,0.539079066949409,0.0708876098152075,0.302938503483793,0.126779763707967,0.303998788245986,0.603885804916733,0.336637589214909,46193,0.0597771023302938,0.165101484398667,0.157018239492466,"2014",2014,6
"804",6075031201,36262.48,0.716395112016293,0.432341208959804,0.183021365097372,0.555492531669503,0.0204197390811117,0.490364025695931,0.256959314775161,0.0251605995717345,0.478169898172688,42.5,0.221230297112568,0.0523085507044218,0.60915050913656,0.138513042265309,0.50299902357372,0.684154175588865,0.236081370449679,27214,0.161531279178338,0.331839820778493,0.0637044967880086,"2014",2014,5
"805",6075031202,24968.14,0.937431394072448,0.352272727272727,0.20902394106814,0.500460405156538,0.0101289134438306,0.48868778280543,0.259049773755656,0.00452488687782805,0.490945674044266,43.5,0.166331321260899,0.182092555331992,0.505365526492287,0.144533869885983,0.487927565392354,0.671945701357466,0.210407239819005,25712,0.137387387387387,0.245774171737661,0.0339366515837104,"2014",2014,5
"806",6075031301,25017.7,0.955871886120996,0.241034952337721,0.167354715782788,0.627183232772309,0.0181009844395046,0.510093167701863,0.324534161490683,0.0364906832298137,0.50103140041256,40.9,0.223011689204676,0.223011689204676,0.444877377950951,0.0925968370387348,0.393307357322943,0.770962732919255,0.232142857142857,35695,0.0774410774410774,0.267079321412196,0.0993788819875776,"2014",2014,5
"807",6075031302,23832.46,0.776410256410256,0.377475247524752,0.199671515720319,0.596433599249179,0.00821210699202253,0.370041753653445,0.330375782881002,0.0255741127348643,0.491826694175528,36.8,0.218536740199968,0.143469290588795,0.481352166322806,0.169814315188065,0.423583558165371,0.661273486430063,0.187369519832985,25400,0.118009098207118,0.383138697808351,0.0427974947807933,"2014",2014,5
"808",6075031400,22108.35,0.863110216406643,0.320909090909091,0.292443572129539,0.469283611383709,0.00176643768400393,0.401187904967603,0.240820734341253,0.00971922246220302,0.505016722408027,43,0.240042566129523,0.154454241410763,0.472027972027972,0.242626938279112,0.529644268774704,0.623650107991361,0.180885529157667,22373,0.12024474594307,0.421786425616669,0.0539956803455724,"2014",2014,5
"809",6075032601,29533.79,0.437057220708447,0.38348820586133,0.102842377260982,0.77390180878553,0.0178294573643411,0.473148671565856,0.167891464104014,0,0.516785564414603,37.3,0.36634494334872,0.00734368443138901,0.524129248845992,0.0375577003776752,0.382710868652958,0.395138496325608,0.320520067834935,40948,0.0606763925729443,0.197440201426773,0.143583945732052,"2014",2014,6
"810",6075032602,24980.29,0.596747055524397,0.371493212669683,0.0987897551365044,0.755699408950183,0.0430622009569378,0.431076178960097,0.249093107617896,0.0199516324062878,0.483700440528634,41.8,0.390748898678414,0.0026431718061674,0.521145374449339,0.0482378854625551,0.387885462555066,0.444377267230955,0.394195888754534,35774,0.105324980422866,0.285714285714286,0.111850060459492,"2014",2014,6
"811",6075032700,21878.89,0.740711462450593,0.358504766683392,0.158826784726065,0.717579782327984,0.0204759269507471,0.549918831168831,0.260957792207792,0,0.450350631136045,42,0.366058906030856,0.000140252454417952,0.574193548387097,0.0448807854137447,0.423702664796634,0.646915584415584,0.357954545454545,39990,0.0421355039502035,0.216352908120259,0.125405844155844,"2014",2014,6
"812",6075032801,18116.83,0.663758389261745,0.326168726491134,0.152633344515263,0.693726937269373,0.0114055686011406,0.566256335988414,0.310644460535844,0,0.436146922889808,43,0.291899781075164,0.00535149598637801,0.64947701289224,0.0552177085867186,0.503040622719533,0.536567704561912,0.319333816075308,34880,0.0577389616690927,0.222081859525013,0.117306299782766,"2014",2014,6
"813",6075032802,18780.56,0.837483617300131,0.248322147651007,0.160219213410703,0.688265635074146,0.026434558349452,0.522988505747126,0.255028735632184,0.0186781609195402,0.467385850476668,46.1,0.206974410436528,0.0210737581535374,0.695183140993477,0.0351229302558956,0.48469643753136,0.67816091954023,0.317528735632184,33175,0.072520751419834,0.248050314465409,0.084051724137931,"2014",2014,6
"814",6075032901,21522.7,0.866307277628032,0.330019120458891,0.146631754344204,0.674601285408236,0.022613663413473,0.61028192371476,0.297954671088999,0,0.486384808312433,45.6,0.322285919025439,0.00841992117520602,0.59064851307775,0.129165173772841,0.4736653529201,0.688778330569375,0.377003869541183,35380,0.0788194444444444,0.211719883889695,0.119402985074627,"2014",2014,6
"815",6075032902,20514.95,0.950842696629214,0.301814183617372,0.195175438596491,0.694548872180451,0.0140977443609023,0.523144746509919,0.304188096987509,0,0.494868585732165,43.9,0.310888610763454,0.0167709637046308,0.610012515644556,0.053566958698373,0.461827284105131,0.689933872152829,0.351947097722263,41528,0.107752315943442,0.246547828270148,0.155033063923586,"2014",2014,6
"816",6075033000,15073.54,0.818022440392707,0.313010823945218,0.145424013434089,0.686649874055416,0.018303946263644,0.537836840162422,0.315245478036176,0.011812476928756,0.47981755986317,40.6,0.419612314709236,0.00741163055872292,0.51733181299886,0.0944127708095781,0.418129988597491,0.58656330749354,0.43078626799557,37722,0.0574688796680498,0.225606252154925,0.142488002953119,"2014",2014,6
"817",6075033100,13532.65,1,0.256689342403628,0.0830652237496344,0.773618016964025,0.0552793214390173,0.670690811535882,0.310529845741113,0.00670690811535882,0.505666025229848,46,0.372247166987385,0.00021381227282446,0.616634594825743,0.0519563822963438,0.431900791105409,0.847753185781355,0.505700871898055,45834,0.0950080515297907,0.118960704316083,0.212608987256875,"2014",2014,1
"818",6075033201,9870.796,0.0342555994729908,0.728251121076233,0.0750605326876513,0.792978208232445,0.076271186440678,0.177065767284992,0.0843170320404722,0,0.408427876823339,19.8,0.539708265802269,0.07752566180443,0.177471636952998,0.223662884927066,0.183954619124797,0,0.222596964586847,8237,0.220638153428377,0.67817679558011,0,"2014",2014,4
"819",6075033203,23244.42,0.209404388714734,0.309135802469136,0.0807778608825729,0.81264023934181,0.0216903515332835,0.378706199460916,0.222371967654987,0,0.502671076062071,31,0.479267361994403,0.0694479776138387,0.338336301195625,0.100737725769524,0.397354362757568,0,0.212264150943396,26446,0.0980998674326116,0.370134825744085,0.0296495956873315,"2014",2014,4
"820",6075033204,25916.39,0.152302243211334,0.512369791666667,0.062097516099356,0.819227230910764,0.0197792088316467,0.257865515114127,0.0906847624922887,0.014188772362739,0.489025695931477,28.4,0.450749464668094,0.0811027837259101,0.343147751605996,0.174785867237687,0.443790149892934,0,0.111042566317088,24480,0.169811320754717,0.493040685224839,0.0185070943861814,"2014",2014,4
"821",6075035100,22465.49,0.70893470790378,0.283614988978692,0.129419396691534,0.684884852416477,0.0408692831657477,0.415593705293276,0.266809728183119,0.0257510729613734,0.466940605155024,42.6,0.368322749346283,0.0104594695554725,0.558709998754825,0.0618851948698792,0.421865272070726,0.563304721030043,0.347997138769671,41609,0.0448490230905861,0.209018967466399,0.146280400572246,"2014",2014,6
"822",6075035201,15003.84,0.748736097067745,0.303903684786574,0.147847478474785,0.696924969249692,0.0027060270602706,0.435396308360478,0.283930510314875,0.00705754614549403,0.489612061040632,39.6,0.370472513329656,0.00018385732671447,0.530979959551388,0.0715205000919287,0.415517558374701,0.604234527687296,0.349077090119435,33491,0.0774671606601549,0.21889996308601,0.0830618892508143,"2014",2014,6
"823",6075035202,31645.17,0.410189075630252,0.414156079854809,0.132547037349059,0.712440325751194,0.0137601797247964,0.445014245014245,0.243304843304843,0.0176638176638177,0.471544715447154,37,0.451988573939793,0.004174906613931,0.41309602285212,0.105031861129422,0.379477038013623,0.327635327635328,0.24045584045584,33540,0.0332409972299169,0.303449791254669,0.0296296296296296,"2014",2014,6
"824",6075035300,18115.45,0.856536829926726,0.237309644670051,0.236908147900284,0.583403045005856,0.00535385644972394,0.556072953046178,0.23709740007761,0,0.43424223208624,42.8,0.259860494610019,0.0119213696892834,0.671020925808497,0.0566899175649968,0.475967025998732,0.682576639503298,0.303065580131936,33648,0.111927013796173,0.214403868176613,0.0904152114862243,"2014",2014,6
"825",6075035400,15849.82,0.734735139506672,0.282503556187767,0.20262938230384,0.623956594323873,0.0202420701168614,0.501981505944518,0.21003963011889,0,0.503159557661927,42.4,0.38436018957346,0.0139020537124803,0.523538704581359,0.0783570300157978,0.422274881516588,0.583883751651255,0.284896521356231,37327,0.0772598506309554,0.246516782773908,0.105680317040951,"2014",2014,6
"826",6075040100,26824.41,0.154408183146615,0.440821256038647,0.0907519446845289,0.799481417458946,0.0164217804667243,0.343291404612159,0.132599580712788,0,0.45651173492867,39,0.641739530602853,0.0117349286700414,0.305568338702255,0.0478601012425219,0.284399447768063,0.218553459119497,0.363731656184486,58669,0.072354211663067,0.264265668849392,0.162473794549266,"2014",2014,4
"827",6075040200,24544.46,0.217674062739097,0.464687819856704,0.102153229844767,0.79043565348022,0.0277916875312969,0.379413015737984,0.163760102084219,0.00552956188855806,0.479286422200198,38.4,0.507036669970268,0.0267591674925669,0.367690782953419,0.0725470763131814,0.28780971258672,0.273500638026372,0.391748192258613,61186,0.0834344660194175,0.161559888579387,0.162909400255211,"2014",2014,6
"828",6075042601,36247.96,0.165479452054795,0.496688741721854,0.180847622128761,0.754448398576512,0.0129407958589453,0.335457705677868,0.226535341830823,0,0.481148139138896,41,0.449039163220628,0.0323522257358307,0.428119678910241,0.0999756750182437,0.388469958647531,0.233487833140209,0.363267670915411,38243,0.0237691001697793,0.384577961566529,0.0898030127462341,"2014",2014,6
"829",6075042602,27158.42,0.274307791371539,0.398891966759003,0.0950381679389313,0.838549618320611,0.016412213740458,0.429671098670399,0.277816655003499,0,0.481215944938342,35.8,0.560080298250645,0.013478634929739,0.280183538858618,0.0625179237166619,0.305993690851735,0.313505948215535,0.333100069979006,50072,0.0782953419226957,0.165313225058005,0.160251924422673,"2014",2014,6
"830",6075042700,34083.38,0.173500379650721,0.52787579393084,0.197029702970297,0.696782178217822,0.0183168316831683,0.363284608770421,0.219260533104041,0.00429922613929493,0.4512104283054,40.4,0.501489757914339,0.0266294227188082,0.386964618249534,0.147672253258845,0.502607076350093,0.276870163370593,0.23731728288908,36427,0.0575235619109522,0.35426761088334,0.0786758383490972,"2014",2014,6
"831",6075042800,11068.77,0.746847720659554,0.162384378211716,0.0295893719806763,0.917874396135266,0.0356280193236715,0.596703296703297,0.379120879120879,0.00549450549450549,0.482392872295291,44.7,0.728044123886296,0.00424268137462877,0.22274077216801,0.0610946117946542,0.185405176071277,0.786813186813187,0.72967032967033,108604,0.0424300867888139,0.0975816716164616,0.447252747252747,"2014",2014,1
"832",6075045100,34054.32,0.200424628450106,0.590670170827858,0.107711757269279,0.784829329962073,0.00328697850821745,0.288725939505041,0.160403299725023,0.00549954170485793,0.452602414407283,35.6,0.517316445675836,0.0259251929546804,0.39204433010093,0.0932119532950722,0.250940035622403,0.300183318056829,0.305682859761687,46616,0.0587358378056052,0.386898871957253,0.134738771769019,"2014",2014,6
"833",6075045200,30215.75,0.349088453747468,0.450867052023121,0.108668228509641,0.829518832222022,0.00342404036763381,0.472531293463143,0.234005563282337,0.00486787204450626,0.490139211136891,39.5,0.529582366589327,0.00319025522041763,0.395881670533643,0.097592807424594,0.318590487238979,0.350486787204451,0.331710709318498,45930,0.0470405789609718,0.258678286129267,0.194367176634214,"2014",2014,6
"834",6075047600,27261.75,0.276948590381426,0.313931888544892,0.132524707996406,0.769541778975741,0.0152740341419587,0.370910698496905,0.26790450928382,0,0.493555316863588,39.4,0.41281775868242,0.00984604368063015,0.500179018976011,0.0297171500179019,0.352488363766559,0.318744473916888,0.31078691423519,42812,0.00510357250075053,0.193519513068385,0.128205128205128,"2014",2014,6
"835",6075047701,28597.09,0.328793774319066,0.384210526315789,0.149217809867629,0.700361010830325,0.0168471720818291,0.426503340757238,0.159799554565702,0,0.496264940239044,45.3,0.398406374501992,0.00647410358565737,0.529880478087649,0.0393426294820717,0.473854581673307,0.428730512249443,0.338530066815145,40686,0.0793212312549329,0.252739043824701,0.0740534521158129,"2014",2014,6
"836",6075047702,30988.59,0.36,0.406015037593985,0.11904038870331,0.747039174005466,0.0139690252049803,0.502161828289067,0.232242124768376,0,0.484956171523336,40.7,0.408670931058991,0.0127931769722814,0.535655058043118,0.0307983890073442,0.441601516228382,0.409512044471896,0.417541692402718,40397,0.0553343949044586,0.196398957592987,0.0901791229153799,"2014",2014,6
"837",6075047801,21772.74,0.521095890410959,0.303844372394627,0.105148205928237,0.781591263650546,0.0137285491419657,0.474121405750799,0.1814696485623,0.00766773162939297,0.437390652336916,44.6,0.348662834291427,0.00999750062484379,0.548112971757061,0.073981504623844,0.501874531367158,0.492012779552716,0.350159744408946,39282,0.0875202593192869,0.229067136032185,0.0849840255591054,"2014",2014,6
"838",6075047802,30152.25,0.323404255319149,0.441882804995197,0.174480084596405,0.706732463870286,0.0176242509693338,0.334163036714375,0.219041692594897,0,0.500253036437247,38.6,0.336285425101215,0,0.589574898785425,0.0731275303643725,0.381578947368421,0.334785314250156,0.322962041070317,34861,0.050649932765576,0.294842186297152,0.0939639079029247,"2014",2014,6
"839",6075047901,14588.46,0.490139835066332,0.289275362318841,0.0958292919495635,0.762754607177498,0.0149369544131911,0.428899082568807,0.235474006116208,0,0.487444833358697,43.5,0.531121594886623,0.024197230254147,0.374524425506011,0.132095571450312,0.338152488205753,0.546636085626911,0.335626911314985,44652,0.0590909090909091,0.255078661982587,0.122324159021407,"2014",2014,6
"840",6075047902,23891.71,0.4790273556231,0.337127371273713,0.0857632933104631,0.791766723842195,0.0171526586620926,0.418467583497053,0.19056974459725,0.0045841519318926,0.527664213682202,44.8,0.50204415372036,0.0141727991278277,0.374761515399291,0.068411011174707,0.40801308258381,0.459724950884086,0.27177472167649,43271,0.10075329566855,0.290542382120469,0.0982318271119843,"2014",2014,6
"841",6075060100,1463.134,0.334092634776006,0.306467661691542,0,0.990623726049735,0.0317977986139421,0.381773399014778,0.316912972085386,0.0459770114942529,0.514053897421037,31.6,0.835989568241089,0.0144885540423066,0.111272095044915,0.0556360475224573,0.118806143146914,0.0632183908045977,0.329228243021346,80608,0.0139691714836224,0.100493755445832,0.345648604269294,"2014",2014,9
"842",6075060400,1092.319,0.117592592592593,0.207115628970775,0.100495399858457,0.772823779193206,0.0276008492569002,0.222537878787879,0.148674242424242,0.00852272727272727,0.45091693635383,41.4,0.604638619201726,0.0242718446601942,0.176375404530744,0.203883495145631,0.395361380798274,0.154356060606061,0.260416666666667,36409,0.104430379746835,0.369471413160734,0.0246212121212121,"2014",2014,4
"843",6075060502,29831.9,0.462395543175487,0.467153284671533,0.291737891737892,0.334472934472934,0.0136752136752137,0.283740701381509,0.526036131774708,0,0.455402010050251,28.4,0.176821608040201,0.176507537688442,0.284547738693467,0.353643216080402,0.383793969849246,0.214665249734325,0.0308182784272051,12733,0.23134328358209,0.657886385274516,0.0180658873538789,"2014",2014,3
"844",6075060700,12195.84,0.0295940811837632,0.631763986548456,0.0408213451370958,0.891184064920693,0.0764785442026313,0.387534449862201,0.110875556497774,0.0148399406402374,0.533353733170135,33.8,0.409934720522236,0.0493676050591595,0.457670338637291,0.103835169318645,0.454304365565075,0.358914564341743,0.21687513249947,65695,0.0527905638665132,0.223174603174603,0.204579181683273,"2014",2014,4
"845",6075061000,5342.331,0.519695044472681,0.218151540383014,0.134000645786245,0.695511785598967,0.0293832741362609,0.53440213760855,0.361389445557782,0.01937207748831,0.485918641037103,33.6,0.184622261957979,0.123156012516764,0.504693786320966,0.191774698256594,0.40232454179705,0.586506346025384,0.255177020708083,40510,0.0553857906799083,0.129861421546714,0.140948563794255,"2014",2014,6
"846",6075061100,48460.64,0.024139472507823,0.820481184454041,0.636178861788618,0.16144018583043,0,0.400597907324365,0.197309417040359,0.0119581464872945,0.471256684491979,53.5,0.0512477718360071,0.00490196078431373,0.893939393939394,0.0523618538324421,0.825980392156863,0.0418535127055306,0.117588440458396,13413,0.15230166503428,0.800356506238859,0.0224215246636771,"2014",2014,7
"847",6075061200,24063.34,0.558028616852146,0.335585585585586,0.364245810055866,0.403724394785847,0.00223463687150838,0.350442477876106,0.379646017699115,0.0221238938053097,0.566492667163808,33.6,0.218245090728312,0.232413621675367,0.252796420581655,0.397464578672632,0.426795923440219,0.401769911504425,0.104424778761062,17245,0.175192394748755,0.503776435045317,0,"2014",2014,3
"848",6075061400,18261.57,0.392561983471074,0.417993853031573,0.0706509664518996,0.858920239946679,0.0673183736947345,0.360689372178909,0.276159212146081,0.0611407468198605,0.559288888888889,36.5,0.686577777777778,0.0515555555555556,0.1504,0.142755555555556,0.258488888888889,0.422650800164136,0.404185473943373,66515,0.0827256726175509,0.200711111111111,0.286828067295856,"2014",2014,9
"849",6075061500,19220.55,0.03061457619374,0.656943405634505,0.0351573849878935,0.91225181598063,0.0343825665859564,0.302958928308553,0.100839099072575,0.044310319446489,0.538536034218384,36.5,0.605762246792027,0.020740860301832,0.319586796868695,0.139133241869099,0.417641836817045,0.404828499926395,0.38098042102164,104275,0.039658038470672,0.171948308502757,0.299425879581923,"2014",2014,4
"850",6075980200,757.316,0.0897435897435897,0.234375,0.049469964664311,0.759717314487632,0,0.294117647058824,0.0441176470588235,0,0.652173913043478,62.5,0.719063545150502,0.0568561872909699,0.183946488294314,0.0267558528428094,0.160535117056856,0.455882352941176,0.514705882352941,33490,0.111111111111111,0.105263157894737,0.205882352941176,"2014",2014,6
"851",6075980501,1388.886,0.409836065573771,0.347826086956522,0.362218370883882,0.381282495667244,0,0.42320819112628,0.228668941979522,0,0.403529411764706,39.2,0.117647058823529,0.182352941176471,0.424705882352941,0.0835294117647059,0.467058823529412,0.245733788395904,0.122866894197952,13967,0.214673913043478,0.643529411764706,0.0136518771331058,"2014",2014,3
"852",6075980600,487.0739,0.840579710144927,0.42156862745098,0.261006289308176,0.512578616352201,0,0.253623188405797,0.152173913043478,0.036231884057971,0.58354114713217,47.7,0.241895261845387,0.56359102244389,0.174563591022444,0.184538653366584,0.329177057356608,0.681159420289855,0.130434782608696,25690,0.22140221402214,0.463840399002494,0,"2014",2014,3
"853",6075980900,177.6547,0.0765027322404372,0.321917808219178,0,0.668161434977579,0.0717488789237668,0.345323741007194,0.0935251798561151,0.0431654676258993,0.626016260162602,42.2,0.504065040650406,0.130081300813008,0.170731707317073,0.219512195121951,0.260162601626016,0.129496402877698,0.215827338129496,53663,0.179775280898876,0.357723577235772,0.18705035971223,"2014",2014,9
"854",6081600100,886.1946,0.605835806132542,0.170115894039735,0.124462365591398,0.718817204301075,0.0561827956989247,0.418293936279548,0.284686536485098,0.0169578622816033,0.447562189054726,43.2,0.492338308457711,0.0195024875621891,0.313432835820896,0.21910447761194,0.272437810945274,0.635149023638232,0.284686536485098,40840,0.11020552799433,0.187662727818947,0.119218910585817,"2014",2014,6
"855",6081600200,9769.778,0.791044776119403,0.197508896797153,0.233311938382542,0.535622593068036,0.00609756097560976,0.469026548672566,0.433628318584071,0,0.470144131777625,38.5,0.104781514527568,0.0407229466941203,0.605124685426676,0.291924044840997,0.577671013498055,0.568141592920354,0.157522123893805,21418,0.0804780876494024,0.355247981545559,0.0628318584070797,"2014",2014,5
"856",6081600300,4766.861,0.84678624813154,0.168539325842697,0.110034602076125,0.642906574394464,0.0141868512110727,0.56023102310231,0.319306930693069,0.0107260726072607,0.541811846689895,41.3,0.212543554006969,0.0298656047784968,0.519163763066202,0.213787954206073,0.503733200597312,0.797029702970297,0.3003300330033,33235,0.080168776371308,0.199104031856645,0.136138613861386,"2014",2014,6
"857",6081600401,17571.32,0.754068716094033,0.204214751630707,0.0860091743119266,0.740825688073395,0.0217889908256881,0.570524412296564,0.32368896925859,0.0253164556962025,0.533030904451375,40.6,0.303373972214346,0.0567054153671676,0.586617521973348,0.244116813155656,0.424723561100085,0.834538878842676,0.30379746835443,37918,0.0140845070422535,0.168698610717324,0.149186256781193,"2014",2014,6
"858",6081600402,30280.73,0.962566844919786,0.276148969889065,0.213709677419355,0.549317617866005,0.0065136476426799,0.533388293487222,0.435284418796373,0.0148392415498763,0.459332191780822,36.6,0.221960616438356,0.0173373287671233,0.566352739726027,0.361729452054795,0.532748287671233,0.746084089035449,0.201154163231657,24626,0.0568181818181818,0.247094274644856,0.089035449299258,"2014",2014,5
"859",6081600500,14751.19,0.659863945578231,0.22108843537415,0.122915858860023,0.591896083753393,0.00310197751066305,0.621690427698574,0.459775967413442,0.00712830957230143,0.483394833948339,35.7,0.193463363205061,0.0238534528202425,0.587374802319452,0.272008434370058,0.469557195571956,0.667515274949083,0.172097759674134,29328,0.0501474926253687,0.206227734529621,0.113543788187373,"2014",2014,6
"860",6081600600,18258.03,0.665813060179257,0.242980561555076,0.216328653146126,0.551742069682787,0.00260010400416017,0.489116517285531,0.405249679897567,0.00448143405889885,0.464708056171471,37.7,0.277716186252772,0.0221729490022173,0.487620103473762,0.423872875092387,0.555617147080562,0.537131882202305,0.126120358514725,30690,0.0975378787878788,0.21359940872136,0.0633802816901408,"2014",2014,5
"861",6081600700,24666.19,0.619375573921028,0.424561403508772,0.18393544837704,0.597652668256006,0,0.521823472356935,0.390397672162949,0,0.502138690861957,36.8,0.259364873622813,0.0439403758911212,0.556578094620868,0.291769280622165,0.615683732987686,0.421435499515034,0.230358874878758,21919,0.0679898648648649,0.323903451855697,0.0184287099903007,"2014",2014,5
"862",6081600800,31229.7,0.0645712333447216,0.349406910778752,0.125163826998689,0.72957623416339,0.00349497597204019,0.325292397660819,0.264254385964912,0.010233918128655,0.49326184610926,35,0.238226344008115,0.0495580350673815,0.575568758150993,0.205042747427909,0.577597449644979,0.0259502923976608,0.101973684210526,25524,0.0744131455399061,0.334599649327878,0.0222953216374269,"2014",2014,4
"863",6081600900,5012.831,0.901293396868618,0.272881355932203,0.146598639455782,0.651020408163265,0.00986394557823129,0.58547322083639,0.258987527512839,0,0.498480243161094,41.3,0.444782168186424,0,0.409067882472138,0.154255319148936,0.379432624113475,0.676449009537784,0.341892883345561,34998,0.084349593495935,0.296099290780142,0.070432868672047,"2014",2014,6
"864",6081601000,6737.066,0.977039570102589,0.133870548479335,0.101250256200041,0.6987087517934,0.007788481246157,0.620621608288111,0.33744449925999,0.00690675875678342,0.483954154727794,35.8,0.24054441260745,0.0527220630372493,0.624355300859599,0.138252148997135,0.40974212034384,0.870251603354711,0.246669955599408,34547,0.0648764258555133,0.0940871817004748,0.091267883571781,"2014",2014,10
"865",6081601100,15428.54,0.953886010362694,0.196953963309104,0.168376865671642,0.693097014925373,0.00536380597014925,0.58498023715415,0.315076228119706,0.00451722190852626,0.476664378860673,42.8,0.246739876458476,0.00806451612903226,0.690288263555251,0.0864790665751544,0.512010981468771,0.746470920383964,0.322416713721062,32911,0.119601328903654,0.150995195607412,0.0654997176736307,"2014",2014,6
"866",6081601200,8190.597,0.664329125759701,0.172382940650164,0.139194915254237,0.602966101694915,0.00741525423728814,0.464114832535885,0.291866028708134,0,0.440891010342084,36.7,0.31980906921241,0.0114558472553699,0.449960222752586,0.264598249801114,0.486873508353222,0.535885167464115,0.311483253588517,31463,0.104593822995069,0.202212957023733,0.0588516746411483,"2014",2014,5
"867",6081601300,20121.42,0.288230884557721,0.262694821518351,0.222242024594546,0.468187488861166,0,0.514555468135326,0.470102281667978,0,0.521573604060914,32.9,0.305145362251961,0.0186894323950162,0.421435163820951,0.433894785417628,0.575219197046608,0.234067663257278,0.0896931549960661,19680,0.119093851132686,0.433894785417628,0.02360346184107,"2014",2014,5
"868",6081601400,12306.2,0.729377713458755,0.173094170403587,0.157182650218862,0.679267807401512,0.00417827298050139,0.452357071213641,0.340020060180542,0,0.504391648668107,42.1,0.147876169906407,0.0502519798416127,0.706407487401008,0.111591072714183,0.58113750899928,0.618355065195587,0.252256770310933,28822,0.113741636644364,0.254799301919721,0.100300902708124,"2014",2014,6
"869",6081601501,17980.2,0.906597479614529,0.181624840493407,0.142153047989624,0.657068741893645,0.00363164721141375,0.616438356164384,0.360730593607306,0,0.492546213476446,44.8,0.116875372689326,0.00457165573444643,0.820115285231564,0.0453190220632081,0.608825283243888,0.768645357686454,0.277777777777778,27587,0.102093279471171,0.138759846495657,0.04337899543379,"2014",2014,10
"870",6081601502,18950.46,0.170718530524041,0.287873582961182,0.130618326297492,0.66625279364291,0.011671219269928,0.477796514896009,0.353569421023047,0.00337268128161889,0.492380629867931,35.2,0.219268540467321,0.0257365391127667,0.490348797832713,0.294784964442939,0.554351506942093,0.124789207419899,0.120292299044407,22806,0.141348973607038,0.399640933572711,0.0477796514896009,"2014",2014,4
"871",6081601601,1117.718,0.359170305676856,0.23573883161512,0.159831756046267,0.557308096740273,0.00473186119873817,0.456120092378753,0.306004618937644,0.0173210161662818,0.490973451327434,36.4,0.437522123893805,0.024070796460177,0.306194690265487,0.44353982300885,0.467256637168142,0.687066974595843,0.207852193995381,27360,0.0881084411583487,0.231504424778761,0.0612009237875289,"2014",2014,6
"872",6081601603,12499.35,0.736168032786885,0.141142115509409,0.0739824600854509,0.766359343377558,0.00382280188891387,0.593354430379747,0.298523206751055,0.0174050632911392,0.491655540720961,42.6,0.183911882510013,0.0108477970627503,0.707276368491322,0.102303070761015,0.498497997329773,0.665084388185654,0.37289029535865,37260,0.0563463819691578,0.107532293239389,0.108649789029536,"2014",2014,10
"873",6081601604,4960.699,0.231707317073171,0.146919431279621,0.0614272809394761,0.778681120144535,0.013550135501355,0.514719000892061,0.247992863514719,0,0.48890454385347,40,0.414582599506869,0.0309968298696724,0.404719971821064,0.163437830221909,0.452976400140895,0.706512042818912,0.27921498661909,39395,0.0740537575425123,0.163437830221909,0.0767172167707404,"2014",2014,6
"874",6081601605,17271.83,0.945758799769186,0.14819205690575,0.0821277542844425,0.731805030046739,0.00645448475406187,0.647754137115839,0.324468085106383,0,0.48250079541839,37.8,0.108813235762011,0.0482023544384346,0.774737511931276,0.0946547884187082,0.509863188036907,0.707446808510638,0.273640661938534,30474,0.128050314465409,0.171902407909424,0.0969267139479905,"2014",2014,10
"875",6081601700,10290.15,0.98851399856425,0.1256374594344,0.130699970955562,0.706360731919837,0.00261399941911124,0.586686174103877,0.324798829553767,0.0204828090709583,0.494292483308206,43.9,0.379926771483954,0.00926125349989231,0.346327805298299,0.348266207193625,0.30346758561275,0.81272860277981,0.271397220190198,35381,0.124548011249498,0.123186836977701,0.140453547915143,"2014",2014,6
"876",6081601800,8775.515,0.914192949907236,0.108377896613191,0.116710875331565,0.667550839964633,0.00530503978779841,0.583729781160799,0.391531874405328,0.00523311132254995,0.485121874010763,43.2,0.541943653054764,0.0177271288382399,0.280943336498892,0.332383665716999,0.290598290598291,0.792578496669838,0.386774500475737,35611,0.0701530612244898,0.149491094147583,0.093244529019981,"2014",2014,5
"877",6081601901,13293.39,0.67182246133154,0.186958504331965,0.086411149825784,0.608362369337979,0.00627177700348432,0.52970297029703,0.326025459688826,0,0.47452593100297,36.6,0.490061686086361,0.0162211560429518,0.363490975554032,0.347269819511081,0.366917980351839,0.597595473833098,0.270862800565771,31641,0.0884022708840227,0.150559744116975,0.0735502121640736,"2014",2014,6
"878",6081601902,10567.87,0.247073578595318,0.202061855670103,0.101159634838391,0.669627436466815,0.0170244263508512,0.496478873239437,0.273767605633803,0,0.505600911334726,36.7,0.370039870894247,0.016138219100057,0.441237896335675,0.282513764951585,0.420163280805012,0.409771126760563,0.200704225352113,36639,0.0792815113038092,0.192745917204709,0.0550176056338028,"2014",2014,6
"879",6081602000,5764.235,0.893495625713199,0.135739231664726,0.180914853520644,0.588658557478157,0.0166181257495289,0.621643286573146,0.317034068136273,0.00721442885771543,0.533357906376705,39.7,0.337879346357046,0.00675758692714093,0.439734611131589,0.32497849858705,0.441823319818159,0.787975951903808,0.323046092184369,34752,0.0581988105352591,0.251047055925105,0.141482965931864,"2014",2014,6
"880",6081602100,16726.5,0.602674307545368,0.230363423212192,0.328544061302682,0.407088122605364,0.00431034482758621,0.463488843813387,0.370182555780933,0.00811359026369168,0.450531743474057,34.1,0.426039316790203,0.029326458266194,0.104415082178537,0.644859813084112,0.553980019336126,0.3052738336714,0.144016227180527,22301,0.107087428867046,0.376409925878182,0.00811359026369168,"2014",2014,5
"881",6081602200,21451.73,0.405643092707952,0.277124897512982,0.324921135646688,0.418572555205047,0.0212933753943218,0.393778141629144,0.406876790830946,0,0.488768396591789,34.3,0.445262070746192,0.0397624580428608,0.207203718048025,0.66292279886393,0.514717273431448,0.108063855914859,0.0851412198117069,19129,0.0495908752789487,0.442163697392202,0.0073679901760131,"2014",2014,5
"882",6081602300,1022.052,0.784232365145228,0.102266445550028,0.24168600154679,0.48491879350348,0.0150812064965197,0.552697095435685,0.306224066390042,0,0.481650215135409,39.6,0.458871171855227,0.0407491774234371,0.236648949633004,0.487724626676791,0.427486712224753,0.651452282157676,0.182572614107884,27411,0.0772296960637768,0.317923553719008,0.0506224066390041,"2014",2014,5
"883",6081602400,7205.306,0.640394088669951,0.123927038626609,0.104076479076479,0.66504329004329,0.00216450216450216,0.600218261185886,0.342306293197526,0,0.517204870301747,43.5,0.458443620963473,0.0259396506087877,0.299364743250397,0.217972472207517,0.343435680254103,0.597671880683885,0.256456893415788,37756,0.101581217057978,0.199522102747909,0.121498726809749,"2014",2014,6
"884",6081602500,11662.24,0.91567023285085,0.0675044883303411,0.0810874704491726,0.709456264775414,0.024822695035461,0.643139841688654,0.355540897097625,0.00593667546174142,0.467530163236338,45.1,0.226046841731725,0.0482611781405252,0.574698367636622,0.131653655074521,0.428317955997161,0.843007915567282,0.360158311345646,36031,0.0795417348608838,0.105357784969435,0.201846965699208,"2014",2014,10
"885",6081602600,15465.93,0.575190575190575,0.119402985074627,0.0982961992136304,0.729685452162516,0,0.614718614718615,0.346681096681097,0.00360750360750361,0.495580436063642,37.9,0.185268120212139,0.0190925162050678,0.700648202710666,0.153093694755451,0.479316440777843,0.70021645021645,0.202741702741703,33028,0.0626834381551363,0.179846788450206,0.0800865800865801,"2014",2014,6
"886",6081602700,8356.781,0.71527434503213,0.102189781021898,0.0775862068965517,0.685344827586207,0.01772030651341,0.524340770791075,0.336206896551724,0,0.524844720496894,38.7,0.376811594202899,0.0614216701173223,0.380607315389924,0.192201518288475,0.337646652864044,0.587221095334686,0.273326572008114,37255,0.058039433490697,0.170959377700951,0.0796146044624746,"2014",2014,6
"887",6081602800,9216.737,0.764522173641474,0.11166253101737,0.0590266875981162,0.808477237048666,0,0.48033526756931,0.281753707285622,0.00709219858156028,0.522068965517241,41.7,0.350114942528736,0.0606896551724138,0.450114942528736,0.144367816091954,0.310804597701149,0.664087685364281,0.284977433913604,41925,0.0546511627906977,0.0862068965517241,0.118633139909736,"2014",2014,6
"888",6081602900,7193.48,0.621315192743764,0.0783505154639175,0.0277880696554279,0.848832901074472,0.00481659874027418,0.480996884735202,0.254828660436137,0.00623052959501558,0.533368644067797,42.1,0.621557203389831,0.0291313559322034,0.270921610169492,0.185646186440678,0.225370762711864,0.55202492211838,0.274766355140187,42821,0.112845673505798,0.122674575357239,0.0641744548286604,"2014",2014,6
"889",6081603000,3328.298,0.575877409787444,0.0855765367617517,0.0801958983777166,0.770737679828589,0.0131619222528313,0.406345957011259,0.274309109518936,0.00614124872057318,0.480545174763684,40.9,0.764123983293031,0.0112112552209277,0.117168608485381,0.180699054737305,0.150142888546933,0.494882292732856,0.260491299897646,38569,0.0866169684061058,0.196746537700594,0.0839303991811668,"2014",2014,6
"890",6081603100,1252.034,0.924207269914927,0.110539845758355,0.0684168655529037,0.780429594272076,0.0326173428798727,0.633631194151097,0.359870024370431,0.00649878147847279,0.495745887691435,44.1,0.702495745887691,0.00992626205331821,0.0950085082246171,0.145774248440159,0.185762904140669,0.790414297319253,0.365556458164094,46964,0.0385365853658537,0.130681818181818,0.188464662875711,"2014",2014,1
"891",6081603200,2228.858,0.948648648648649,0.0878281622911695,0.0318251533742331,0.758819018404908,0.0195552147239264,0.539614561027837,0.34332619557459,0.0199857244825125,0.50633893919793,42.2,0.807761966364812,0.0183699870633894,0.0548512289780078,0.14359637774903,0.107632600258732,0.757316202712348,0.28836545324768,47415,0.0708938793483047,0.15211119853134,0.187009279086367,"2014",2014,1
"892",6081603300,2189.277,0.894952810832991,0.0893321769297485,0.0495513866231648,0.81810766721044,0.032626427406199,0.565690376569038,0.321338912133891,0.0209205020920502,0.418192557590077,43.8,0.748523331364442,0.00708800945067927,0.0914057885410514,0.177790903721205,0.133786178381571,0.761506276150628,0.331799163179916,50967,0.0422649688431319,0.0881656804733728,0.161506276150628,"2014",2014,1
"893",6081603400,1282.286,0.882406982085439,0.062753036437247,0.045771144278607,0.752238805970149,0.0169154228855721,0.580141843971631,0.317730496453901,0.00945626477541371,0.439121411276375,41.3,0.745762711864407,0.0153925977170529,0.0965063991698374,0.227775856105154,0.148045658941543,0.778723404255319,0.390543735224586,50988,0.073224043715847,0.132790858725762,0.222222222222222,"2014",2014,1
"894",6081603700,8061.624,0.977996525767226,0.151250947687642,0.0530592734225621,0.658699808795411,0.00788718929254302,0.610705596107056,0.322384428223844,0.00425790754257908,0.475719424460432,44.8,0.394244604316547,0.0120503597122302,0.301798561151079,0.184352517985612,0.315647482014388,0.804136253041362,0.339416058394161,36668,0.0723729993041058,0.205007256894049,0.14963503649635,"2014",2014,6
"895",6081603801,24041.05,0.0392006149116065,0.119106699751861,0.0637837837837838,0.732972972972973,0.0189189189189189,0.291946308724832,0.11996644295302,0.0192953020134228,0.394599715774514,45.3,0.465182378019896,0,0.416390336333491,0.19895783988631,0.525343439128375,0.712248322147651,0.216442953020134,36501,0.0651369356032568,0.266224538133586,0,"2014",2014,6
"896",6081603802,4769.459,0.776846516500786,0.12380556709597,0.0369310048668766,0.772115659891211,0.00400801603206413,0.581980094290204,0.260869565217391,0.00419067574646412,0.470194519974901,43.2,0.613260824095378,0.0186153524367287,0.227149131980757,0.211671198494039,0.293871574984313,0.682032477737035,0.354112100576218,41936,0.0826477187733732,0.14787701317716,0.129910948140388,"2014",2014,6
"897",6081603900,6988.152,0.58535447761194,0.0859699584531799,0.0647425897035881,0.735569422776911,0.00182007280291212,0.450596658711217,0.320286396181384,0.0157517899761337,0.487117701575533,39.5,0.634847080630213,0.0272474513438369,0.170898980537535,0.293975903614458,0.244300278035218,0.519809069212411,0.281145584725537,44486,0.0536814315048401,0.105653382761817,0.0954653937947494,"2014",2014,6
"898",6081604000,9164.873,0.978260869565217,0.111328125,0.0734767025089606,0.670250896057348,0.00761648745519713,0.577205882352941,0.332720588235294,0,0.506176652254478,42.9,0.64793082149475,0.0179122915379864,0.212476837554046,0.184064237183447,0.247992588017295,0.795036764705882,0.335477941176471,40175,0.11123787792356,0.161260426320667,0.125919117647059,"2014",2014,6
"899",6081604101,18909.79,0.440135542168675,0.124027561680373,0.194776931447225,0.58215451577802,0,0.472428627297614,0.382870551427454,0.0113414157215487,0.501041283841725,34.3,0.487320837927233,0.0191106210951856,0.199558985667034,0.47568295969619,0.432316550287884,0.24168947985921,0.109894407508799,25039,0.0813464235624123,0.22637308263236,0.0449745795854517,"2014",2014,5
"900",6081604102,3136.546,0.0252365930599369,0.210588235294118,0.0856771960190394,0.71311120726958,0.0155776720034617,0.264550264550265,0.149470899470899,0.0171957671957672,0.505772005772006,37.3,0.444083694083694,0.0382395382395382,0.43001443001443,0.182178932178932,0.452741702741703,0.326058201058201,0.206349206349206,49803,0.0667025282409898,0.260822510822511,0.0793650793650794,"2014",2014,6
"901",6081604200,6349.525,0.744414655942806,0.158450704225352,0.310620479634564,0.543205177007994,0.00380662352493338,0.442698706099815,0.572088724584104,0,0.542106497771522,33.5,0.604269293924466,0.00539526155289702,0.175463288763781,0.600516068496364,0.472202674173118,0.561922365988909,0.147874306839187,22592,0.11924594476107,0.247291568535092,0.000924214417744917,"2014",2014,5
"902",6081604400,6545.102,0.476948408342481,0.149068322981366,0.0786306499063921,0.653115806365338,0.0189890345012035,0.507683551508253,0.327262379055208,0.00398406374501992,0.507616221562809,38.9,0.407517309594461,0.00534124629080119,0.46271018793274,0.228288822947577,0.412067260138477,0.43540125213432,0.204894706886739,34051,0.0991334488734835,0.154970760233918,0.0506545247581104,"2014",2014,6
"903",6081604500,5544.293,0.822924320352682,0.123505976095618,0.0403921568627451,0.777647058823529,0.0462745098039216,0.56656346749226,0.293343653250774,0.00773993808049536,0.483805668016194,49.9,0.568825910931174,0.0237131289762869,0.362348178137652,0.102371312897629,0.333140543666859,0.689628482972136,0.411764705882353,41802,0.0838323353293413,0.131295487627365,0.130804953560372,"2014",2014,1
"904",6081604600,4888.215,0.991735537190083,0.126591760299625,0.065599173553719,0.777376033057851,0.0340909090909091,0.59812108559499,0.305845511482255,0,0.488162344983089,46.7,0.459601653513717,0,0.492671927846674,0.0830514844043593,0.239383690341977,0.909185803757829,0.58768267223382,57635,0.0405594405594406,0.0924464487034949,0.286012526096033,"2014",2014,1
"905",6081604700,6235.589,0.949268292682927,0.0789473684210526,0.0782295419454452,0.786927431806485,0.0185280494081318,0.623157894736842,0.244210526315789,0,0.448288830387364,49.3,0.514479127491538,0.0048890560361038,0.383226776983829,0.10793531402783,0.368559608875517,0.875789473684211,0.525263157894737,47278,0.0396578538102644,0.0906696764484575,0.207368421052632,"2014",2014,1
"906",6081604800,12983.5,0.518778167250876,0.176246830092984,0.13960422878829,0.715370018975332,0.0284629981024668,0.565101387406617,0.33991462113127,0.00373532550693703,0.458228825004823,42.7,0.506270499710592,0.0173644607370249,0.399961412309473,0.196990160138916,0.399575535404206,0.452508004268943,0.272145144076841,39568,0.0666159116863342,0.166860015467904,0.096051227321238,"2014",2014,6
"907",6081604900,5338.378,0.725943033102387,0.103525881470368,0.0360738255033557,0.808305369127517,0.0440436241610738,0.601510067114094,0.312080536912752,0.00587248322147651,0.505219867130655,48.8,0.463460930085416,0.00379626700411262,0.482125909522303,0.0582094273963935,0.389117367921544,0.804530201342282,0.60738255033557,51962,0.0403167746580274,0.11301044634378,0.234060402684564,"2014",2014,1
"908",6081605000,5556.085,0.671210106382979,0.102061855670103,0.0507175472928898,0.794520547945205,0.0451728636660143,0.608290155440415,0.392746113989637,0.0155440414507772,0.496101811511121,44.2,0.588626461820683,0.0158220591607429,0.331116716349461,0.0864480623710158,0.334556294427884,0.642487046632124,0.492918825561313,66974,0.0367396593673966,0.142121647509579,0.344386873920553,"2014",2014,6
"909",6081605100,3008.382,0.50492264416315,0.193216232586311,0.0489724529951902,0.855268911237429,0.0319195452557936,0.459915611814346,0.255274261603376,0,0.489512746047112,37.6,0.709583736689255,0.00838980316231042,0.19296547273314,0.134236850596967,0.204904808002581,0.40225035161744,0.326300984528833,56892,0.0534268753372909,0.124757595345831,0.177215189873418,"2014",2014,1
"910",6081605200,10853.89,0.820950965824666,0.127332601536773,0.0138195777351248,0.855662188099808,0.0345489443378119,0.622727272727273,0.463636363636364,0.00606060606060606,0.465298885511651,39.1,0.742654508611955,0.015450861195542,0.170212765957447,0.0939716312056738,0.209979736575481,0.763636363636364,0.39469696969697,71958,0.0368831168831169,0.120243531202435,0.420454545454545,"2014",2014,1
"911",6081605300,11116.17,0.624872579001019,0.129739607126542,0.0502481389578164,0.872828784119107,0.0384615384615385,0.446670276123443,0.362208987547374,0.00974553329723877,0.45951719718009,40.2,0.733390301217689,0.0128177739799188,0.156163212988678,0.098269600512711,0.207647938474685,0.572820790471034,0.42122360584732,67126,0.0504718916700862,0.163418290854573,0.266377910124526,"2014",2014,1
"912",6081605400,5667.134,0.519869942196532,0.18955042527339,0.0652697495183044,0.772880539499037,0.00337186897880539,0.396909312728752,0.261488409922733,0.00772671817812119,0.531752898425333,38.5,0.681605814154698,0.00397992732306627,0.130818480706004,0.207475341754629,0.274268904654785,0.452623017486783,0.328182187881253,54317,0.0605285592497869,0.217684720539886,0.182594550630338,"2014",2014,6
"913",6081605500,11415.2,0.157588215142172,0.252638986629134,0.0239645741078406,0.84709559781193,0.0393331596769992,0.256164887743835,0.167464114832536,0.00772911299227089,0.420346677672307,40.9,0.724102352455633,0.0125877011968634,0.16714816343376,0.156004952538176,0.253404869995873,0.272727272727273,0.323150533676849,59923,0.0499027867790019,0.170767004341534,0.152741994847258,"2014",2014,6
"914",6081605600,1714.238,0.995278564683664,0.0444444444444444,0.037344398340249,0.900933609958506,0.0772821576763486,0.832429501084599,0.4029284164859,0.00488069414316703,0.497632824829037,46.9,0.681571102928283,0.0117482027003332,0.269682623180782,0.0485709275819744,0.226722777485534,0.957700650759219,0.748373101952278,144098,0.078679168365267,0.0422584604594073,0.595986984815618,"2014",2014,1
"915",6081605700,1755.131,0.992240041386446,0.064835659612787,0.0272851296043656,0.917326057298772,0.0491132332878581,0.822690992018244,0.416761687571266,0.00342075256556442,0.517355371900826,45.6,0.657483930211203,0,0.274747474747475,0.0499540863177227,0.233425160697888,0.919042189281642,0.664766248574686,110869,0.0378063980058164,0.0517906336088154,0.629988597491448,"2014",2014,1
"916",6081605800,5758.872,0.810734463276836,0.144967682363804,0.0168243953732913,0.91850683491062,0.0446898002103049,0.654455445544554,0.375247524752475,0,0.47859778597786,45.1,0.746494464944649,0.0210332103321033,0.140959409594096,0.0723247232472325,0.152767527675277,0.801980198019802,0.573267326732673,82502,0.054759898904802,0.04,0.41980198019802,"2014",2014,1
"917",6081605900,20845.66,0.185870797128825,0.250905797101449,0.14053716427233,0.637934624193213,0.0189464917759734,0.376088677751386,0.196753760886778,0,0.502891101831031,38,0.717475104400899,0.0277867009315773,0.133793768069386,0.335689045936396,0.44555091551558,0.245051464766429,0.332937450514648,39620,0.0972296217368141,0.313754045307443,0.0787806809184481,"2014",2014,6
"918",6081606000,18460.49,0.290546400693842,0.100337837837838,0.162628028978266,0.554833874594054,0.00799400449662753,0.348805147058824,0.257352941176471,0,0.513169845594914,36.1,0.641598546775659,0.0490463215258856,0.17983651226158,0.396548592188919,0.386557674841054,0.388327205882353,0.195772058823529,36910,0.108714918759232,0.355313351498638,0.0868566176470588,"2014",2014,6
"919",6081606100,4316.544,0.762325239146431,0.0391743892165122,0.145663956639566,0.641937669376694,0.0013550135501355,0.462480857580398,0.312404287901991,0,0.447812270838426,36.9,0.471522855047666,0.0185773649474456,0.198973356147641,0.384747005622097,0.395991200195551,0.650076569678407,0.183767228177642,30939,0.0840623811335108,0.259721203228173,0.0490045941807044,"2014",2014,5
"920",6081606200,18440.72,0.478977741137675,0.221240892029146,0.332901793970779,0.491215091547993,0.00869243573145922,0.450777202072539,0.45552677029361,0.00820379965457686,0.499300046663556,30.2,0.55459636024265,0.0450303313112459,0.127041530564629,0.620391973868409,0.476784881007933,0.325129533678756,0.214162348877375,26877,0.0921156893819334,0.368328856709097,0.0785837651122625,"2014",2014,5
"921",6081606300,10812.26,0.306790425012213,0.227718152123192,0.177756653992395,0.639100126742712,0.0231305449936629,0.389096739711384,0.190272581507215,0,0.496485473289597,40.5,0.611527647610122,0.0353795688847235,0.19165885660731,0.312089971883786,0.406982193064667,0.38214858364511,0.364510956707643,40325,0.100698725852857,0.191325301204819,0.0865847140566542,"2014",2014,6
"922",6081606400,13561.38,0.259899208063355,0.107859531772575,0.014424337791765,0.823760818253344,0.022816679779701,0.370152761457109,0.213474343909127,0.0054837446141794,0.516748366013072,42,0.699959150326797,0.0138888888888889,0.20608660130719,0.136029411764706,0.240196078431373,0.35957696827262,0.387387387387387,67952,0.0588679245283019,0.131331699346405,0.135918527222875,"2014",2014,6
"923",6081606500,6503.889,0.896170839469809,0.125578321216127,0.0152905198776758,0.931411096548711,0.036260375709917,0.678463855421687,0.425451807228916,0.00602409638554217,0.493677999438044,41.8,0.797976959820174,0.00449564484405732,0.153975835908963,0.0171396459679685,0.117729699353751,0.838855421686747,0.643072289156627,86276,0.0310366232153942,0.0682776060691205,0.394578313253012,"2014",2014,1
"924",6081606600,8396.675,0.655495978552279,0.105456453305352,0.100234009360374,0.730499219968799,0.0343213728549142,0.543417366946779,0.335434173669468,0.0133053221288515,0.469207401270367,41.5,0.688483844241922,0.00690417011875173,0.173708920187793,0.196078431372549,0.246340789837062,0.629551820728291,0.335434173669468,57220,0.052297165200391,0.15962441314554,0.235994397759104,"2014",2014,6
"925",6081606700,3128.454,0.858307849133537,0.0766666666666667,0.022766078542971,0.833807626636312,0.0318725099601594,0.639344262295082,0.286338797814208,0,0.504637436762226,47.3,0.677908937605396,0,0.248735244519393,0.0910623946037099,0.22681281618887,0.841530054644809,0.536612021857923,62666,0.0595419847328244,0.0649241146711636,0.33224043715847,"2014",2014,6
"926",6081606800,3166.377,0.793916349809886,0.0650263620386643,0.0486003110419907,0.887636080870918,0.0252721617418351,0.655981235340109,0.326817826426896,0.00781860828772478,0.455135440180587,44.9,0.614277652370203,0.0031038374717833,0.336907449209932,0.0217268623024831,0.309537246049661,0.759186864738077,0.543393275996873,53789,0.0737179487179487,0.0568117580553985,0.233776387802971,"2014",2014,1
"927",6081606900,1774.067,0.89041095890411,0.0702274975272008,0.0219512195121951,0.898780487804878,0.0817073170731707,0.618223760092272,0.301038062283737,0,0.535456475583864,45.1,0.682802547770701,0.00382165605095541,0.217409766454352,0.089171974522293,0.270912951167728,0.813148788927336,0.647058823529412,61200,0.0925925925925926,0.136425648021828,0.280276816608997,"2014",2014,1
"928",6081607000,3727.23,0.710868079289132,0.0621186910704382,0.0317208564631245,0.886994448850119,0.0241871530531324,0.540502793296089,0.215083798882682,0.00558659217877095,0.508750383788763,44.4,0.661344795824378,0.00184218606079214,0.237949032852318,0.10623272950568,0.201105311636475,0.623603351955307,0.434357541899441,65251,0.0842000990589401,0.0905741479889469,0.258379888268156,"2014",2014,6
"929",6081607100,6552.465,1,0.0385135135135135,0.0515926424405563,0.792732166890982,0.0300583221175415,0.595026642984014,0.375666074600355,0,0.447803946530872,47.5,0.72151495862508,0.0152768936982813,0.174092934436665,0.12444302991725,0.166454487587524,0.826820603907638,0.543516873889876,56804,0.0271668822768435,0.0700190961171229,0.293072824156306,"2014",2014,1
"930",6081607200,10209.98,0.32523997741389,0.168078466339724,0.0752502588885054,0.729030031066621,0.020711080428029,0.337564916330063,0.264281592613964,0,0.508048289738431,38.1,0.618712273641851,0.0165995975855131,0.208501006036217,0.235412474849095,0.367203219315895,0.205424120023081,0.212925562608194,41761,0.0760653126244524,0.166031987814166,0.0859780727062897,"2014",2014,6
"931",6081607300,7153.745,0.952040085898354,0.0889271371199082,0.026049766718507,0.90552099533437,0.0299377916018663,0.601906158357771,0.364369501466276,0,0.46894236149972,46.2,0.787632904308898,0,0.142417459429211,0.121152770005596,0.213486289871293,0.922287390029325,0.483137829912023,54283,0.051948051948052,0.085297418630752,0.258064516129032,"2014",2014,6
"932",6081607400,10339.62,0.479091378420237,0.14974501622624,0.097350401905329,0.760643048526347,0.0318547186662697,0.523497267759563,0.301639344262295,0.00273224043715847,0.476179973533304,41.8,0.582487869430966,0.0249228054697839,0.239744155271284,0.131230701367446,0.28606087340097,0.492349726775956,0.422950819672131,45642,0.065546218487395,0.221770551038844,0.204371584699454,"2014",2014,6
"933",6081607500,5068.829,0.423990498812352,0.136779752288638,0.0388457269700333,0.791712911579726,0.0214576396596374,0.506995336442372,0.35109926715523,0,0.477083333333333,36.7,0.577083333333333,0.0393229166666667,0.26796875,0.19375,0.363541666666667,0.42838107928048,0.285143237841439,43613,0.059053196681308,0.174764890282132,0.117255163224517,"2014",2014,6
"934",6081607600,6756.294,0.744827586206897,0.102173913043478,0.119569714522135,0.755895738518825,0.0206868018204386,0.513219284603421,0.337480559875583,0.00622083981337481,0.46830985915493,40.1,0.679284037558685,0.0302230046948357,0.181338028169014,0.289319248826291,0.26731220657277,0.657076205287714,0.274494556765163,44642,0.0763131813676908,0.244602188701568,0.114307931570762,"2014",2014,6
"935",6081607701,9511.96,0.655671761866452,0.12292817679558,0.249450894257923,0.560715406338249,0.00847191716347662,0.449718423169751,0.395816572807723,0.0160901045856798,0.585392762577229,35.9,0.5216240070609,0.0262577228596646,0.165931156222418,0.378640776699029,0.452118270079435,0.537409493161705,0.138374899436846,28366,0.17823571945047,0.351640991292699,0.083668543845535,"2014",2014,5
"936",6081607702,12560.29,0.96875,0.146341463414634,0.180058083252662,0.565343659244918,0,0.568509615384615,0.397836538461538,0.00721153846153846,0.506418918918919,41.5,0.568243243243243,0.0256756756756757,0.101689189189189,0.466554054054054,0.327027027027027,0.741586538461538,0.288461538461538,30142,0.0919610231425091,0.192881355932203,0.0372596153846154,"2014",2014,6
"937",6081607800,7745,0.98238747553816,0.054678007290401,0.0996978851963746,0.63314630988347,0.0224428139835995,0.649033570701933,0.384537131230926,0,0.522493573264782,40.5,0.574228791773779,0.015745501285347,0.240038560411311,0.242609254498715,0.324228791773779,0.8646998982706,0.349949135300102,41323,0.0453762205628949,0.18371335504886,0.146490335707019,"2014",2014,6
"938",6081607900,6427.583,0.414741474147415,0.14380081300813,0.0332834704562453,0.906133133881825,0.0325355272999252,0.411871592973955,0.173228346456693,0,0.493510506798517,44.3,0.553770086526576,0.0160692212608158,0.374227441285538,0.0781829419035847,0.355377008652658,0.561477892186554,0.431253785584494,66730,0.0360777058279371,0.0840543881334982,0.152634766807995,"2014",2014,1
"939",6081608001,15967.12,0.246339910884787,0.0559071729957806,0.0167577413479053,0.909653916211293,0.048816029143898,0.507723304231028,0.321692411014103,0.00805910006715917,0.510697415948875,37.9,0.417060294526257,0.00250069463739928,0.503751041956099,0.0819672131147541,0.422895248680189,0.499664204163868,0.370718603089322,58304,0.0418036636918741,0.0777808753833287,0.1974479516454,"2014",2014,6
"940",6081608002,10393.95,0.854092526690391,0.0471204188481675,0.0347893312717433,0.820641669887901,0.06068805566293,0.692675159235669,0.319267515923567,0,0.454891622729936,46.6,0.487111892208553,0.0114235500878735,0.367311072056239,0.0421792618629174,0.381370826010545,0.799363057324841,0.489649681528662,57283,0.0741857659831122,0.0568248388986526,0.281847133757962,"2014",2014,1
"941",6081608004,4600.468,0.360954590652967,0.105189732142857,0.0337349397590361,0.885943775100402,0.0606425702811245,0.536391859261814,0.306657468092446,0.00551914453259745,0.465401102265769,37.5,0.466319657072872,0.0482241273729333,0.449632578077159,0.0453153704837722,0.449632578077159,0.45394963780614,0.407726802345636,54993,0.0374203821656051,0.105004605465152,0.164884442911349,"2014",2014,6
"942",6081608013,9673.181,0.61576660459342,0.0551898734177215,0.041801685029164,0.832793259883344,0.0372650680492547,0.5747982619491,0.312228429546865,0,0.495069938087595,38.9,0.482916762210502,0.00435679889933501,0.462508598945196,0.0385232744783307,0.388672322861729,0.585350713842334,0.393544382371198,59200,0.0705830775975449,0.186009174311927,0.290502793296089,"2014",2014,1
"943",6081608023,8438.725,0.986622073578595,0.0444839857651246,0.0473829201101928,0.831404958677686,0.0611570247933884,0.765981735159817,0.406392694063927,0,0.511805026656512,44.8,0.450495049504951,0.00380807311500381,0.473343488194973,0.0300837776085301,0.42955064737243,0.863013698630137,0.520547945205479,54094,0.116438356164384,0.0753998476770754,0.263698630136986,"2014",2014,1
"944",6081608100,16740.34,0.593704245973646,0.0688,0.0497097242380261,0.872641509433962,0.0486211901306241,0.666910688140556,0.386530014641288,0.0124450951683748,0.484019432370238,40.2,0.439273843006904,0.0393761186397341,0.479417028892866,0.0790079263615444,0.449757095372028,0.579795021961933,0.417276720351391,46776,0.0916067146282974,0.056633048875097,0.197657393850659,"2014",2014,6
"945",6081608200,9441.258,0.681917211328976,0.0508670520231214,0.0790389972144847,0.785863509749304,0.0376044568245125,0.58796992481203,0.327067669172932,0.00526315789473684,0.483447188649501,43.5,0.443772990015765,0.00551760378349974,0.454282711508145,0.0578034682080925,0.465580662112454,0.674436090225564,0.54812030075188,54351,0.0679304897314376,0.0792503346720214,0.27593984962406,"2014",2014,10
"946",6081608300,9276.041,0.583749109052031,0.0762009939260077,0.0286611700039262,0.892422457793483,0.0482921083627797,0.606906686260103,0.357090374724467,0,0.498314606741573,40.4,0.431460674157303,0.0140449438202247,0.484550561797753,0.0691011235955056,0.445505617977528,0.506980161645849,0.375459221160911,57573,0.0679168778509883,0.0628346012961398,0.24834680382072,"2014",2014,6
"947",6081608400,11358.16,0.351387645478962,0.0750900526461624,0.0961679277520137,0.754698559921894,0.03197461557237,0.440287769784173,0.276258992805755,0.0254196642685851,0.464611455673112,35.2,0.595767967894929,0.0100328347318497,0.269792046698285,0.219992703392922,0.388179496534112,0.341486810551559,0.302637889688249,41149,0.0228494623655914,0.143171402383135,0.0786570743405276,"2014",2014,6
"948",6081608501,10354.88,0.820230896096756,0.142639786991251,0.0690826727066818,0.762740656851642,0.0192525481313703,0.542312276519666,0.343861740166865,0.00536352800953516,0.52130426085217,41.5,0.730746149229846,0.00500100020004001,0.151630326065213,0.25745149029806,0.229845969193839,0.731227651966627,0.347437425506555,40185,0.0765796703296703,0.175775775775776,0.124553039332539,"2014",2014,6
"949",6081608502,13428.93,0.339561332250203,0.0906148867313916,0.066128218071681,0.78344270570419,0.0565371024734982,0.452100840336134,0.210084033613445,0.00672268907563025,0.433169254070428,35.6,0.660355925785687,0.0212040893600909,0.257856872396819,0.304808784551306,0.35895494131011,0.511764705882353,0.322689075630252,53265,0.0510948905109489,0.14426353653919,0.0823529411764706,"2014",2014,6
"950",6081608600,7144.245,0.505965292841649,0.0935672514619883,0.0905660377358491,0.732704402515723,0.0106918238993711,0.475977653631285,0.29608938547486,0.00446927374301676,0.497243660418964,37.9,0.536273428886439,0.0275633958103638,0.318632855567806,0.216979051819184,0.375082690187431,0.443575418994413,0.297206703910615,40043,0.0901608679386457,0.232578783843764,0.0854748603351955,"2014",2014,6
"951",6081608700,7229.614,0.721609113563546,0.0921386306001691,0.0523581965510077,0.861209225015583,0.0664865987949304,0.625327838141626,0.33870363431997,0.0213563132259273,0.496865203761755,40.1,0.685522941008834,0.0196637218580792,0.158877172983756,0.111570247933884,0.268880022798518,0.714874484825777,0.418508804795804,65279,0.0744245524296675,0.0869239976062238,0.339452978643687,"2014",2014,6
"952",6081608800,5388.596,0.96918123275069,0.0329746615758417,0.020163117353874,0.896918894426824,0.0280924331671953,0.706961429915334,0.36829727187206,0.0178739416745061,0.497054367951523,43.4,0.726645345901363,0.0164955394714695,0.207877461706783,0.0649722268978287,0.269819895640465,0.900282220131703,0.459078080903104,65820,0.0713626576438019,0.0464724701128136,0.355126999059266,"2014",2014,6
"953",6081608900,2855.688,0.403361344537815,0.0568589566657466,0.0233400402414487,0.82897384305835,0.0559356136820926,0.4289931124959,0.265660872417186,0.00983929157100689,0.493343195266272,38.8,0.607988165680473,0.0319526627218935,0.27810650887574,0.13905325443787,0.286242603550296,0.38635618235487,0.35683830764185,53211,0.0551498363132712,0.144394618834081,0.196129878648737,"2014",2014,6
"954",6081609000,4882.068,0.747115384615385,0.0935622317596567,0.0705303444505194,0.815199562602515,0.0399125205030071,0.541666666666667,0.357142857142857,0.0178571428571429,0.497447978013349,43.3,0.606988614055752,0.0365135453474676,0.225755791126816,0.127993718099725,0.218296034550452,0.706349206349206,0.461309523809524,49409,0.075,0.162544169611307,0.218253968253968,"2014",2014,1
"955",6081609100,1325.709,0.793880837359098,0.0709219858156028,0.112467306015693,0.748038360941587,0.0531822144725371,0.429553264604811,0.414089347079038,0.0481099656357388,0.490412550842533,37,0.640325392213829,0.0145264381173736,0.162696106914585,0.298663567693202,0.301568855316676,0.699312714776632,0.209621993127148,47067,0.0942028985507246,0.256410256410256,0.199312714776632,"2014",2014,6
"956",6081609201,8936.119,0.631855309218203,0.10863804981452,0.0266567937800815,0.804887078859682,0.0599777860051833,0.496512365250476,0.290424857324033,0.00887761572606214,0.478047450231797,42.2,0.822743386964821,0.00545404963185165,0.1066266703027,0.105535860376329,0.141259885464958,0.599873176918199,0.362079898541535,57342,0.0575221238938053,0.131251726996408,0.188966391883323,"2014",2014,1
"957",6081609202,11371.7,0.26243654822335,0.089517625231911,0.0328348504551365,0.758777633289987,0.0260078023407022,0.284263959390863,0.223857868020305,0.00558375634517766,0.493233082706767,38.2,0.685964912280702,0.0235588972431078,0.0994987468671679,0.194486215538847,0.253634085213033,0.287309644670051,0.293908629441624,51070,0.0798816568047337,0.234465408805031,0.0893401015228426,"2014",2014,6
"958",6081609300,9446.839,0.885119506553585,0.0549656464709556,0.0271301398897838,0.876642645188639,0.0275540483255617,0.667726550079491,0.395866454689984,0,0.459380479251899,41.1,0.844535359438925,0.010812390414962,0.101694915254237,0.0973115137346581,0.141437755698422,0.8060413354531,0.512718600953895,57921,0.0728211009174312,0.110461718293396,0.30127186009539,"2014",2014,1
"959",6081609400,8422.001,1,0.0640788662969809,0.0136798905608755,0.911536707706338,0.0756953944368445,0.703287197231834,0.500865051903114,0,0.469048958919527,40.8,0.906584130557119,0.00928531232414181,0.0467079347214406,0.0633089476646033,0.0956668542487338,0.891868512110727,0.506055363321799,66450,0.0544611819235226,0.0842283776144715,0.421280276816609,"2014",2014,1
"960",6081609500,6698.557,0.920879120879121,0.0726817042606516,0.0167893961708395,0.9240058910162,0.0715758468335788,0.674213141910547,0.354500276090558,0.00496963003865268,0.497586484312148,43.8,0.829646017699115,0,0.132542236524537,0.101568785197104,0.198511665325825,0.832136940916621,0.541137493097736,63876,0.082145536384096,0.0709975864843121,0.334069574820541,"2014",2014,1
"961",6081609601,3037.668,0.747974068071313,0.0560283687943262,0.0477975632614808,0.883786316776007,0.0637300843486411,0.535561268209083,0.26649528706084,0.0025706940874036,0.50621228257011,45.2,0.739439119630813,0.0234291799787007,0.208732694355698,0.0621228257011005,0.318068867589634,0.708654670094259,0.474721508140531,67252,0.0616883116883117,0.18920837770678,0.32133676092545,"2014",2014,1
"962",6081609602,4174.911,0.842987804878049,0.0683453237410072,0.0122649223221586,0.869174161896975,0.0384300899427637,0.682108626198083,0.29073482428115,0,0.518979464841319,45.4,0.734287492221531,0.00248911014312383,0.171126322339764,0.0665836963285625,0.179838207840697,0.899361022364217,0.428115015974441,67851,0.0449561403508772,0.112772585669782,0.287539936102236,"2014",2014,6
"963",6081609603,2265.489,0.828650391524643,0.044100580270793,0.0318407960199005,0.855721393034826,0.0343283582089552,0.625308947108255,0.260504201680672,0.0242214532871972,0.506508422664625,48,0.805513016845329,0.00535987748851455,0.110451761102603,0.0828866768759571,0.158307810107198,0.888779041028176,0.513593672763223,73887,0.0939244663382594,0.0780890253261704,0.316361838853188,"2014",2014,1
"964",6081609700,2109.478,0.995118974984747,0.0155004428697963,0.0180460485376478,0.921593030491599,0.074051026757934,0.741875,0.281875,0,0.493429995468962,46.6,0.838015405527866,0.00657000453103761,0.0949252378794744,0.0713638423198912,0.184866334390575,0.926875,0.535625,75243,0.0627306273062731,0.078007732544917,0.3825,"2014",2014,1
"965",6081609800,5802.447,0.961204400694847,0.0628730600875448,0.0591643793839585,0.800548947849954,0.0451357121073498,0.562426383981154,0.314487632508834,0.00294464075382803,0.499237306602746,43.2,0.835911963390717,0.00762693397254304,0.107212900414034,0.172586620178688,0.147744606668119,0.803886925795053,0.444640753828033,61496,0.0376222723852521,0.0902123932559667,0.260895170789164,"2014",2014,1
"966",6081609900,6242.596,0.987488829311886,0.0587871287128713,0.0386766076421249,0.811276794035415,0.0363466915191053,0.639252336448598,0.369158878504673,0,0.505570117955439,43.3,0.823722149410223,0.000655307994757536,0.0520969855832241,0.132699868938401,0.108781127129751,0.883177570093458,0.472897196261682,62255,0.0409789413773478,0.138350312191916,0.329906542056075,"2014",2014,1
"967",6081610000,8544.236,0.535818005808325,0.123995407577497,0.0595870206489676,0.786725663716814,0.0312684365781711,0.402721774193548,0.244959677419355,0.00201612903225806,0.476064997804128,41.8,0.798199385155907,0.0160298638559508,0.0856389986824769,0.23078612209047,0.244180939833114,0.474798387096774,0.274193548387097,56067,0.0604356992269852,0.153743907842268,0.194052419354839,"2014",2014,6
"968",6081610100,12689.33,0.609207708779443,0.105224429727741,0.120201384518565,0.618628067967275,0.00629326620516048,0.455456570155902,0.39977728285078,0,0.532277710109622,33.8,0.758830694275274,0.00568412505075112,0.0649614291514413,0.531871701177426,0.336987413723102,0.49109131403118,0.11804008908686,34054,0.0747354497354497,0.372310190824198,0.0857461024498886,"2014",2014,6
"969",6081610201,10408.52,0.376091703056769,0.178585086042065,0.348357080546671,0.343413783076476,0.00872346612387322,0.40337601862631,0.422584400465658,0,0.495760512199342,30.5,0.653054161619657,0.0325315798581069,0.0496625713791313,0.804810520851358,0.551825575359059,0.245634458672875,0.0989522700814901,19360,0.0541592920353982,0.544444444444444,0.0273573923166473,"2014",2014,5
"970",6081610202,3072.021,0.0371389270976616,0.335453100158982,0.247319034852547,0.558310991957105,0.0154155495978552,0.284810126582278,0.218354430379747,0.0142405063291139,0.66403162055336,35.5,0.587450592885375,0.0884387351778656,0.113142292490119,0.438241106719368,0.340909090909091,0.0743670886075949,0.193037974683544,38787,0.0605612998522895,0.474429583005507,0.0474683544303797,"2014",2014,3
"971",6081610203,14250.18,0.136448598130841,0.174791914387634,0.442685851318945,0.297841726618705,0.00479616306954436,0.34587995930824,0.390640895218718,0,0.589328537170264,29.3,0.572841726618705,0.0338729016786571,0.0374700239808154,0.830335731414868,0.560851318944844,0.0712105798575788,0.0681586978636826,17128,0.0942184154175589,0.637781109445277,0.0213631739572737,"2014",2014,5
"972",6081610302,251.9638,0.0462232243517475,0.0856531049250535,0.151162790697674,0.551744186046512,0.011046511627907,0.29679802955665,0.295566502463054,0,0.49082373026035,40.6,0.651728553137004,0.0413999146393513,0.068715322236449,0.453691848058045,0.270166453265045,0.528325123152709,0.176108374384236,32574,0.115004492362983,0.445526193787668,0.0714285714285714,"2014",2014,6
"973",6081610303,5680.677,0.633406318423522,0.072528564331843,0.00564971751412429,0.936395115728085,0.0790960451977401,0.625670241286863,0.39142091152815,0,0.478341257263603,39.6,0.523639725303751,0.0143951399894348,0.397385103011093,0.0672213417855256,0.35446381405177,0.623659517426273,0.471849865951743,69281,0.0550964187327824,0.0397517168515584,0.325402144772118,"2014",2014,1
"974",6081610304,2968.854,0.662359550561798,0.0687984496124031,0.0479295728725139,0.867297032931203,0.0322791000978155,0.488027366020524,0.265108323831243,0,0.457263892349863,43.5,0.530525791178669,0.0353849987540493,0.343633192125592,0.107400946922502,0.322202840767506,0.769669327251995,0.43557582668187,61868,0.059576345984113,0.111166500498504,0.24515393386545,"2014",2014,6
"975",6081610400,15778.33,0.717579250720461,0.0525147928994083,0.315638823835545,0.448087431693989,0.00624512099921936,0.519736842105263,0.452751196172249,0.0155502392344498,0.507293354943274,33.3,0.601782820097245,0.0568881685575365,0.0356564019448947,0.69837925445705,0.382820097244733,0.435406698564593,0.124401913875598,25125,0.115114795918367,0.443704305442729,0.119019138755981,"2014",2014,5
"976",6081610500,10860.07,0.660458452722063,0.140958517921869,0.43026796589525,0.320036540803898,0.0100487210718636,0.39409594095941,0.437638376383764,0.00811808118081181,0.510426817384525,30.4,0.659325667511206,0.0153966088481777,0.0498928084194114,0.731436367179887,0.537322159423114,0.557933579335793,0.0664206642066421,18763,0.0528368794326241,0.550185149093744,0.0162361623616236,"2014",2014,5
"977",6081610601,18198.95,0.483009708737864,0.217265353418308,0.479611650485437,0.264077669902913,0.0114077669902913,0.437538844002486,0.494717215661902,0.016780609073959,0.524153846153846,30.9,0.653846153846154,0.00323076923076923,0.0383076923076923,0.845076923076923,0.640615384615385,0.24922311995028,0.0839030453697949,20142,0.0621513944223108,0.61035758323058,0.0665009322560597,"2014",2014,5
"978",6081610602,8619.721,0.962171052631579,0.0942249240121581,0.196529459241324,0.674334140435835,0.052865213882163,0.472584856396867,0.397737162750218,0.00783289817232376,0.504788732394366,35.3,0.839154929577465,0.00873239436619718,0.0523943661971831,0.451267605633803,0.377746478873239,0.773716275021758,0.380330722367276,49007,0.143300569063632,0.180790960451977,0.236727589208007,"2014",2014,6
"979",6081610700,11520.36,0.470315398886827,0.0964408725602755,0.120430716916974,0.659393595919524,0.0184188155284783,0.352078239608802,0.319804400977995,0,0.513464991023339,41.6,0.747656094155197,0.0115699182126471,0.127668063036106,0.370037901456214,0.32196289646918,0.41760391198044,0.246454767726161,35317,0.0744314266023432,0.226835138387485,0.0665036674816626,"2014",2014,6
"980",6081610800,25984.1,0.254277286135693,0.0944566010211524,0.319552694002033,0.483226025076245,0.00677736360555744,0.395180722891566,0.506024096385542,0,0.526026320958554,29.7,0.667452366922019,0.0127676291494795,0.0546061677470045,0.699862502455313,0.450991946572383,0.118674698795181,0.133132530120482,22637,0.0560842963970088,0.406010606953447,0.0120481927710843,"2014",2014,5
"981",6081610900,19261.48,0.562052505966587,0.120739318290927,0.229924242424242,0.553977272727273,0.0126893939393939,0.512383272431994,0.395452699959399,0,0.463884821864324,32.1,0.691556857003416,0.0103709126403123,0.0710102489019034,0.581381161542216,0.36847242557345,0.364596021112464,0.1628095818108,24447,0.0792922673656619,0.415136201158634,0.0580592773041007,"2014",2014,5
"982",6081611000,10915.29,0.691368788142982,0.0608721986674743,0.111137497031584,0.686060318214201,0.0251721681310853,0.468181818181818,0.305909090909091,0,0.553559087767795,39,0.788700760193504,0.0381824464409122,0.0701451278507256,0.366102280580511,0.248272287491361,0.475,0.256363636363636,40294,0.0588888888888889,0.168320278503046,0.108636363636364,"2014",2014,6
"983",6081611100,5112.55,0.909168443496802,0.0347906403940887,0.0791398802926181,0.803591221458657,0.0292618044779428,0.62232882686437,0.379851722634104,0,0.426191931540342,43,0.7755195599022,0.00259779951100244,0.100855745721271,0.158771393643032,0.156937652811736,0.887919755778456,0.455734845180986,63255,0.0539599651871192,0.0657652120467117,0.330135194068905,"2014",2014,1
"984",6081611200,6909.566,0.993624772313297,0.0185317177476835,0.0149038461538462,0.861057692307692,0.00865384615384615,0.671374764595104,0.403954802259887,0.0131826741996234,0.491198937230156,39.2,0.854865493191631,0,0.0554633012288276,0.252075722351378,0.115244104948522,0.85969868173258,0.470809792843691,49572,0.0388019060585432,0.073421926910299,0.185499058380414,"2014",2014,1
"985",6081611300,7094.393,0.869158878504673,0.0276854928017719,0.0768590455049944,0.843784683684795,0.0474472807991121,0.568263781555899,0.305512622359608,0.00515198351365276,0.458342033827521,45,0.788055961578618,0.0027145541866778,0.0991856337439967,0.182083942367926,0.222175819586553,0.714580113343637,0.424523441524987,59626,0.0761128100577642,0.102386934673367,0.232354456465739,"2014",2014,1
"986",6081611400,1309.282,1,0.101973684210526,0.0253979004402303,0.9265154080596,0.0680663731798171,0.688239387613083,0.32776617954071,0.00417536534446764,0.516389762011675,48.3,0.823304894476875,0.00246969016614279,0.109115401885945,0.0579254602604401,0.149303996407723,0.872651356993737,0.650661099512874,138814,0.085439229843562,0.0510984941989632,0.585942936673626,"2014",2014,1
"987",6081611500,1597.637,1,0.0257387988560534,0.00702702702702703,0.946486486486486,0.0454054054054054,0.748931623931624,0.365384615384615,0,0.497286821705426,49.4,0.812403100775194,0,0.148062015503876,0.0375968992248062,0.188759689922481,0.962606837606838,0.756410256410256,153491,0.0387038703870387,0.0922480620155039,0.544871794871795,"2014",2014,1
"988",6081611600,7247.339,0.967703349282297,0.0196261682242991,0.0158227848101266,0.928481012658228,0.0822784810126582,0.607655502392344,0.388755980861244,0.00956937799043062,0.482655246252677,41.3,0.767880085653105,0.04796573875803,0.123768736616702,0.0680942184154176,0.133190578158458,0.845693779904306,0.449760765550239,66088,0.101001669449082,0.0993949870354365,0.32177033492823,"2014",2014,1
"989",6081611700,1363.823,0.673314993122421,0.106232849862799,0.296671949286846,0.492551505546751,0.0063391442155309,0.40979020979021,0.477622377622378,0.0048951048951049,0.481585343054777,30.1,0.411104879416713,0.229949523275379,0.035146756403066,0.609833613759581,0.404000747803328,0.427272727272727,0.0832167832167832,19043,0.0754189944134078,0.401837614850928,0.0230769230769231,"2014",2014,3
"990",6081611800,2724.732,0.913247362250879,0.046189376443418,0.346678023850085,0.380323679727428,0.00255536626916525,0.577858880778589,0.654501216545012,0,0.461798023620149,29.4,0.379850566401543,0.243914196191853,0.00192817546396722,0.550253073029646,0.403470715835141,0.639902676399027,0.0900243309002433,16399,0.1145,0.392995169082126,0.0304136253041363,"2014",2014,3
"991",6081611900,8234.782,0.780202650038971,0.0845771144278607,0.319462864721485,0.435842175066313,0.0127652519893899,0.483476132190942,0.507547939616483,0,0.487016121247225,29.5,0.440293464620137,0.126846220677672,0.0455642436528622,0.55516941789748,0.380635196447534,0.493676050591595,0.111383108935129,21853,0.118548240014591,0.428990610328638,0.0632394940840473,"2014",2014,3
"992",6081612000,15342.55,0.782581055308328,0.0827156833679217,0.332954287013873,0.317261769388219,0.00659540595860814,0.511066398390342,0.608987256874581,0,0.523669018601668,27.8,0.466196279666453,0.138422065426555,0.0153944836433611,0.701860166773573,0.443232841565106,0.437290409121395,0.0697518443997317,14122,0.135679673552665,0.540565297042659,0.0295103957075788,"2014",2014,5
"993",6081612100,20004.55,0.201469045120672,0.167068273092369,0.302325581395349,0.514758497316637,0.0391323792486583,0.432599459250676,0.382000772499034,0.00811123986095017,0.481014304291287,29.2,0.580104031209363,0.0929778933680104,0.0674902470741222,0.586215864759428,0.404551365409623,0.166473541908073,0.127076091154886,29040,0.0995001190192811,0.626788036410923,0.0730011587485516,"2014",2014,5
"994",6081612500,5943.187,0.392084675563737,0.270281810418446,0.00605143721633888,0.972465960665658,0.102571860816944,0.447710843373494,0.253493975903614,0,0.422967346044269,38.9,0.815033968880123,0.00241069471838703,0.0970852509314048,0.0512820512820513,0.205128205128205,0.432771084337349,0.463132530120482,75676,0.0612813370473538,0.0782380013149244,0.237590361445783,"2014",2014,9
"995",6081612600,8908.489,0.38753866548829,0.208475217555808,0.0418315432447711,0.899095534200113,0.0893159977388355,0.302504816955684,0.251445086705202,0.00529865125240848,0.456206819701359,34.6,0.754401604635614,0.0129262313349677,0.184310229552039,0.0307555159349231,0.254290171606864,0.291907514450867,0.396917148362235,63608,0.0308417997097242,0.0898063914159086,0.223988439306358,"2014",2014,9
"996",6081612700,4130.458,1,0.0769230769230769,0.000718907260963336,0.930265995686556,0.0682961897915169,0.706756756756757,0.32027027027027,0,0.482300884955752,46.1,0.92330383480826,0,0.0644051130776794,0.0339233038348083,0.123893805309735,0.918918918918919,0.672972972972973,107194,0.013681592039801,0.0775691699604743,0.532432432432432,"2014",2014,1
"997",6081612800,5046.929,0.980206540447504,0.0683321087435709,0.0152003684937817,0.931828650391525,0.0626439428834638,0.831439393939394,0.466856060606061,0,0.473765911207699,43.1,0.889164855634896,0.00155231294628997,0.0763737969574666,0.0971747904377522,0.102452654455138,0.87594696969697,0.583333333333333,85298,0.061770761839396,0.0442229834942386,0.539772727272727,"2014",2014,1
"998",6081612900,7364.878,0.811227297743533,0.0858348968105066,0.0181704260651629,0.947368421052632,0.119674185463659,0.594345066358915,0.352567801500288,0.0144258511252164,0.473476545374836,43.7,0.811266988163086,0.00613765892152565,0.143577378342832,0.0453748355984217,0.194651468654099,0.766878245816503,0.606462781304097,90341,0.0426856380613606,0.0688668866886689,0.408540103866128,"2014",2014,1
"999",6081613000,1895.633,0.55126582278481,0.0567375886524823,0.000783392087739914,0.949471210340776,0.0701135918527223,0.555325034578147,0.287690179806362,0,0.475825471698113,47.9,0.818985849056604,0.00619103773584906,0.15064858490566,0.0442216981132075,0.221992924528302,0.614107883817427,0.550484094052559,94358,0.0497737556561086,0.0735380980507974,0.356846473029046,"2014",2014,1
"1000",6081613200,438.1332,0.89349535382416,0.0312185297079557,0.0340821068938807,0.907048799380325,0.153756777691712,0.696844477836213,0.263335837716003,0.00638617580766341,0.490674955595027,53.2,0.864416814683244,0.00133214920071048,0.0701598579040853,0.0272350503256365,0.108348134991119,0.892186326070624,0.649511645379414,130039,0.0453829183737788,0.0669350029815146,0.467317806160781,"2014",2014,1
"1001",6081613300,703.6738,0.996581196581197,0.0319051959890611,0.0216606498194946,0.863331614234141,0.0691077875193399,0.750528541226216,0.384778012684989,0.00951374207188161,0.468250876509544,49.9,0.858589793533307,0.00779119594857811,0.090377873003506,0.0342812621737437,0.172185430463576,0.923890063424947,0.515856236786469,95354,0.0479394449116905,0.0853135956369303,0.502114164904863,"2014",2014,1
"1002",6081613400,189.5179,0.969103240391861,0.0631443298969072,0.0285343709468223,0.832684824902724,0.095114569822741,0.569767441860465,0.300664451827243,0.00498338870431894,0.494399031183772,48.2,0.917650620647896,0,0.0308810172570391,0.0635785649409628,0.120193763245534,0.851328903654485,0.643687707641196,144762,0.0175219023779725,0.0669710806697108,0.480066445182724,"2014",2014,1
"1003",6081613501,130.6121,0.832102081934184,0.0339622641509434,0.171601615074024,0.720053835800808,0.0582099596231494,0.545704467353952,0.319587628865979,0.00206185567010309,0.487599438465138,39.7,0.7323350491343,0.0729995320542817,0.0327562002807674,0.332007487131493,0.262049602246139,0.696219931271478,0.320962199312715,38857,0.0860844128708734,0.169396350023397,0.14020618556701,"2014",2014,6
"1004",6081613502,618.8154,0.855761143818335,0.0361723117395594,0.0630891950688905,0.844815083393764,0.0321489001692047,0.588724584103512,0.286044362292052,0,0.486899184452542,44.1,0.900052056220718,0,0.0275897969807392,0.153392330383481,0.12840534443866,0.764787430683919,0.400646950092421,59232,0.0678330263965623,0.187314863216588,0.27264325323475,"2014",2014,1
"1005",6081613600,784.1101,0.830230496453901,0.0835451080050826,0.1028266191854,0.716225239261073,0.0240373914978856,0.610451306413302,0.38479809976247,0,0.509580364212193,46.4,0.797624703087886,0.00237529691211401,0.0139350752177355,0.251464766429137,0.141409342834521,0.829928741092637,0.333016627078385,45416,0.0230093854072056,0.103320438426821,0.208076009501188,"2014",2014,1
"1006",6081613700,205.1434,0.728292813251403,0.0409190371991247,0.187763078773301,0.679494888755262,0.0359290438965725,0.565204678362573,0.26140350877193,0.00847953216374269,0.494437435485721,47.8,0.783576098176396,0.00240853308865696,0.0579194861796078,0.32389035439844,0.265970868218832,0.701461988304094,0.416959064327485,56795,0.0812749003984064,0.177606621450741,0.242105263157895,"2014",2014,6
"1007",6081613800,22.19371,0.88780737704918,0.136180904522613,0.173942019326891,0.623458847050983,0.0293235588137288,0.513220338983051,0.237966101694915,0.00338983050847458,0.498628086804689,45.5,0.922673983537042,0.00648540783237715,0.00448989773010726,0.252432027937141,0.197056622599152,0.650847457627119,0.340338983050847,42283,0.0637614678899083,0.2995684183803,0.124745762711864,"2014",2014,6
"1008",6081613900,5994.754,0.701108647450111,0.133093525179856,0.0653209344522567,0.834429575867544,0.116806532093445,0.568989386248269,0.377018920166128,0,0.520734409623299,37.4,0.719689775245331,0.0373535929091485,0.102880658436214,0.126464070908515,0.225546058879392,0.628518689432395,0.449469312413475,74153,0.0825158684362377,0.125573018991487,0.324411628980157,"2014",2014,1
"1009",6081614000,4819.808,0.849700598802395,0.108199753390875,0.101694915254237,0.708716707021792,0.00653753026634383,0.652830188679245,0.368553459119497,0.0182389937106918,0.570939585829197,37.7,0.339209310285812,0.0597295909635461,0.419134006503508,0.178846482971076,0.341605339722745,0.637106918238994,0.269182389937107,37628,0.0658598367576696,0.174235883267139,0.145283018867925,"2014",2014,6
"1010",6085500100,9274.091,0.619315721091382,0.0743405275779376,0.263683851919146,0.490801726095844,0.0340676811265047,0.36379769299024,0.406388642413487,0.0235137533274179,0.48313803943984,30,0.405544441268934,0.016147470705916,0.202629322663618,0.601457559302658,0.351671906258931,0.403726708074534,0.139751552795031,31942,0.11340206185567,0.388896962650778,0.0669920141969831,"2014",2014,5
"1011",6085500200,8466.199,0.351215038972948,0.155183515775918,0.147124166872377,0.668970624537151,0.0451740311034313,0.200469483568075,0.173708920187793,0.0197183098591549,0.610401295663128,32.4,0.576210185351809,0.0365305020694619,0.18787115350009,0.334173114990103,0.228000719812849,0.274178403755869,0.17981220657277,38298,0.0410583941605839,0.343434343434343,0.0624413145539906,"2014",2014,6
"1012",6085500300,3135.191,0.510285335102853,0.171846435100548,0.129770992366412,0.709923664122137,0.0436205016357688,0.346491228070175,0.156432748538012,0.027046783625731,0.570825119684596,33.2,0.627147282455646,0.0591382709096029,0.171219374823993,0.350887074063644,0.239369191776964,0.470029239766082,0.291666666666667,48599,0.15153816938853,0.272831377039794,0.136695906432749,"2014",2014,6
"1013",6085500400,6153.484,0.542718446601942,0.0658307210031348,0.156002437538087,0.673369896404631,0.00731261425959781,0.412731006160164,0.287474332648871,0,0.562941420855837,33.4,0.621105110095555,0.0157872870793519,0.0901537183215621,0.461570419609472,0.253842958039053,0.32135523613963,0.276180698151951,49629,0.0527075812274368,0.322040987034714,0.175564681724846,"2014",2014,6
"1014",6085500500,6811.976,0.80891417733523,0.051361599448466,0.0964277375671258,0.743637637170208,0.0579033387812281,0.553553553553554,0.323823823823824,0.016016016016016,0.516770186335404,44.3,0.654835847382431,0.0102928127772848,0.141614906832298,0.204436557231588,0.190417036379769,0.744744744744745,0.314314314314314,54692,0.0695436199937907,0.161671037841888,0.270770770770771,"2014",2014,1
"1015",6085500600,9232.475,0.447833775419982,0.0583362098722817,0.0599787685774947,0.826167728237792,0.0339702760084926,0.340243352861649,0.198738170347003,0.0126182965299685,0.492371995820272,36.4,0.634691745036573,0.0271682340647858,0.114733542319749,0.301567398119122,0.19435736677116,0.37990085624155,0.290220820189274,56106,0.0862279098110908,0.176532546871708,0.196484903109509,"2014",2014,6
"1016",6085500800,5226.977,0.183957219251337,0.264800861141012,0.158572479764533,0.69757174392936,0.00846210448859456,0.318302387267904,0.130636604774536,0.00596816976127321,0.535510937968235,36.9,0.554390170812107,0.111777045250225,0.224453101588253,0.269403655978424,0.26580761162721,0.352785145888594,0.212201591511936,46461,0.147794452023647,0.370493789760679,0.10079575596817,"2014",2014,6
"1017",6085500901,14249.66,0.0539437896645512,0.296150481189851,0.0924962852897474,0.793833580980683,0.0557206537890045,0.209677419354839,0.113407258064516,0.00655241935483871,0.583039758429794,29.3,0.421992954202315,0.0918470055359839,0.391293407146452,0.224207347760443,0.440110719677906,0.111895161290323,0.106350806451613,38482,0.121745788667688,0.41350531107739,0.0504032258064516,"2014",2014,4
"1018",6085500902,59541.07,0.11791730474732,0.490186210367388,0.21133412042503,0.654073199527745,0.0495867768595041,0.0981697171381032,0.176372712146423,0.00665557404326123,0.483667208085183,19.8,0.441797509474824,0.0519761775852734,0.316368886482584,0.227395776935571,0.169824941346327,0.0249584026622296,0,8073,0.169849654611946,0.781502172563625,0.0133111480865225,"2014",2014,4
"1019",6085501000,14336.48,0.228876508820799,0.19367417677643,0.286574352799518,0.520469596628537,0.0213726670680313,0.253549695740365,0.18762677484787,0.0116632860040568,0.493585415259959,36.2,0.433040738239928,0.0362367769525096,0.189961737564709,0.54265136169255,0.405581814089579,0.188133874239351,0.0598377281947262,27757,0.128850488354621,0.460040751641386,0.0628803245436105,"2014",2014,5
"1020",6085501101,17470.67,0.307649972482113,0.200759373516849,0.166052793124616,0.620626151012891,0.0270104358502149,0.361867704280156,0.265703168426904,0.00778210116731518,0.592191378921237,36.8,0.447980139923268,0.0557436244640036,0.254118709095012,0.450236966824645,0.402617919205597,0.220678154530295,0.193440800444692,34628,0.147229755908563,0.427894380501016,0.0839355197331851,"2014",2014,6
"1021",6085501102,10363.33,0.905686546463246,0.0322003577817531,0.272523244629689,0.474511061237576,0.00801538954793203,0.520760028149191,0.361013370865588,0.0168895144264602,0.469894222945484,37.3,0.568348250610252,0.01586655817738,0.0770951993490643,0.610455655004068,0.282953620829943,0.656579873328642,0.221674876847291,25550,0.130499627143922,0.315529991783073,0.0781140042223786,"2014",2014,5
"1022",6085501200,14242.29,0.740688685874912,0.135717560751949,0.270094134685011,0.482259232440261,0.00506879073135409,0.441113490364026,0.36830835117773,0,0.50229709035222,30.1,0.465106103697222,0.0336906584992343,0.149639028658937,0.598556114635747,0.355283307810107,0.372591006423983,0.0877944325481799,23644,0.145355616012437,0.421076033792797,0.0392576730906495,"2014",2014,3
"1023",6085501300,15565.64,0.568642745709828,0.28325969563083,0.13172751223184,0.70530673692134,0.00828001505457283,0.383233532934132,0.209580838323353,0.0530367835757057,0.602672605790646,28.8,0.573273942093541,0.0565701559020045,0.179287305122494,0.285746102449889,0.228507795100223,0.461077844311377,0.242942686056459,29411,0.103748910200523,0.494261477045908,0.127459366980325,"2014",2014,6
"1024",6085501401,8594.097,0.40188679245283,0.085427135678392,0.476644902059267,0.32245102963335,0.0060271220492215,0.392755004766444,0.446139180171592,0.0343183984747378,0.513025458851391,31.6,0.523090586145648,0.0251628182356424,0.0894020130254588,0.764357608052102,0.45441089402013,0.26882745471878,0.0695900857959962,17163,0.125307125307125,0.6124775044991,0.0123927550047664,"2014",2014,5
"1025",6085501402,15204.39,0.612541993281075,0.184388444990781,0.392480513525906,0.260430994956442,0.000917010545621275,0.366050808314088,0.392609699769053,0,0.571199486850545,35.8,0.465362411802437,0.0128287363694676,0.12989095574086,0.734445157152021,0.478191148171905,0.435334872979215,0.125866050808314,19033,0.0935799782372144,0.518422753716871,0.0254041570438799,"2014",2014,5
"1026",6085501501,19262.3,0.491433021806854,0.0468830499742401,0.399855647780585,0.402381811620354,0.010826416456153,0.514984227129338,0.53391167192429,0,0.490376390076989,28.4,0.446535500427716,0.0128314798973482,0.265825491873396,0.668520102651839,0.475620188195038,0.317034700315457,0.0851735015772871,17271,0.166528239202658,0.551880674448768,0.0149842271293375,"2014",2014,5
"1027",6085501502,12396.72,0.67687074829932,0.0156424581005587,0.395890952192809,0.408929276965626,0.00790201501382853,0.536777583187391,0.401926444833625,0,0.543358155176555,32.1,0.495796300744655,0.0144126831611818,0.132356473696853,0.693490271438866,0.471294739370646,0.544658493870403,0.103327495621716,24231,0.117416829745597,0.408839779005525,0.0779334500875657,"2014",2014,5
"1028",6085501600,13665.83,0.300037551633496,0.224992490237308,0.240381991814461,0.609276944065484,0.0130968622100955,0.263136288998358,0.274630541871921,0.0184729064039409,0.552582451773491,27.1,0.475575606720597,0.144057249533292,0.128967019290604,0.403546981953951,0.295892968263846,0.171592775041051,0.125615763546798,27679,0.101225359616409,0.562568865103101,0.0743021346469622,"2014",2014,5
"1029",6085501700,11750.73,0.553047404063205,0.0979020979020979,0.448898519321055,0.282051282051282,0.000361141206211629,0.405718701700155,0.569551777434312,0.0115919629057187,0.525236275889805,29.5,0.586165292579932,0.00864669213754273,0.0337824250955158,0.80394128292781,0.398552181781621,0.21870170015456,0.0958268933539413,25153,0.134042553191489,0.560732451678535,0.0340030911901082,"2014",2014,5
"1030",6085501800,8336.954,0.765695067264574,0.0454192546583851,0.252506095908968,0.551612029260363,0.00514765646166351,0.484173505275498,0.339390386869871,0,0.483484073928431,35.9,0.445340149429807,0.00471883602044829,0.0375540699960676,0.519268580416831,0.250688163586315,0.558616647127784,0.225087924970692,45479,0.102774922918808,0.258159653952025,0.123681125439625,"2014",2014,6
"1031",6085501900,9621.971,0.307634449040993,0.192731992212849,0.128787878787879,0.730205278592375,0.0261485826001955,0.309228925289652,0.224930083899321,0.0119856172592889,0.520181722872619,33.2,0.43561069369212,0.0697186790145029,0.209156037043509,0.296872269788572,0.365717281146252,0.308030363563724,0.203355972832601,38696,0.0969576343474552,0.304560545168618,0.0295645225729125,"2014",2014,6
"1032",6085502001,11467.09,0.712538226299694,0.0831721470019342,0.170731707317073,0.613821138211382,0.0107604017216643,0.336080586080586,0.349358974358974,0,0.53678844519966,35,0.528292268479184,0.0465590484282073,0.0892098555649957,0.512999150382328,0.242650807136788,0.380952380952381,0.158424908424908,28413,0.120770288858322,0.402586353581759,0.0499084249084249,"2014",2014,6
"1033",6085502002,16112.76,0.395161290322581,0.1629052113254,0.378975265017668,0.358068315665489,0,0.390214067278287,0.445871559633028,0.00856269113149847,0.545998911268372,30.6,0.386862638359644,0.0206859009254219,0.0798403193612774,0.741244783160951,0.41154055525313,0.259327217125382,0.0862385321100917,17734,0.124108416547789,0.492288150970786,0.0220183486238532,"2014",2014,5
"1034",6085502101,7047.743,0.621234567901235,0.051413881748072,0.119060052219321,0.709138381201044,0.00626631853785901,0.500759493670886,0.286582278481013,0.00506329113924051,0.542440318302387,38.4,0.70026525198939,0.0107995452823039,0.163698370594922,0.23020083364911,0.253694581280788,0.668860759493671,0.265822784810127,42471,0.0655570652173913,0.262343260188088,0.151898734177215,"2014",2014,6
"1035",6085502102,10778.17,0.27807486631016,0.0623712856722565,0.168667466986795,0.607042817126851,0.00860344137655062,0.394736842105263,0.348776871756857,0.00963676797627873,0.529333863064495,32.7,0.53105548933916,0.077870480731029,0.125281419679513,0.546020394649715,0.393325387365912,0.221645663454411,0.159747961452928,26388,0.10451244813278,0.480514208389716,0.0626389918458117,"2014",2014,6
"1036",6085502201,18930.51,0.163310258023914,0.0803233139681738,0.153220762976861,0.664998957681885,0.00396080883885762,0.414658634538153,0.248995983935743,0,0.456046281924651,31.6,0.431917595597573,0.0831099195710456,0.203612247777621,0.405531254409482,0.339071539438408,0.199799196787149,0.116131191432396,29616,0.0715903942002719,0.414138563567095,0.0297858099062918,"2014",2014,6
"1037",6085502202,7533.152,0.536132140399174,0.0706401766004415,0.0343712090578245,0.821674080064699,0.0202183582693085,0.441522491349481,0.24636678200692,0.00346020761245675,0.445054945054945,40.7,0.675824175824176,0.0164835164835165,0.158730158730159,0.174908424908425,0.1996336996337,0.552249134948097,0.296885813148789,59790,0.0532184490623416,0.138658146964856,0.193771626297578,"2014",2014,1
"1038",6085502301,6945.461,0.639070442992012,0.0782410051399201,0.0567986230636833,0.772805507745267,0.01592082616179,0.357306809487376,0.323641928079572,0,0.455788514129444,39.9,0.793679732604072,0.04102096627165,0.0665451230628988,0.140686721361288,0.141598298389547,0.452945677123183,0.28079571537873,60832,0.059536354056902,0.161398176291793,0.221117061973986,"2014",2014,1
"1039",6085502302,12150.59,0.525345622119816,0.056322473771397,0.0905612244897959,0.781462585034014,0.0174319727891156,0.397476340694006,0.312302839116719,0.0165615141955836,0.543147208121827,33,0.807741116751269,0.00539340101522843,0.0520304568527919,0.376269035532995,0.190355329949239,0.384858044164038,0.269716088328076,43988,0.0444328280188186,0.110406091370558,0.125394321766562,"2014",2014,6
"1040",6085502400,6771.519,0.888851236868858,0.106227106227106,0.0127052384675528,0.864347146207975,0.0215011727912432,0.552776756160353,0.298271423317396,0.00588451636631114,0.479015507184521,39.5,0.744771660264618,0.0564802959169156,0.0660122350263195,0.224356238440745,0.0389813629250249,0.805075395365943,0.453475542478853,57300,0.0809181544168792,0.112900926585887,0.185362265538801,"2014",2014,1
"1041",6085502500,6618.513,0.930790405033425,0.0912,0.0614973262032086,0.815953654188948,0.0316399286987522,0.582360048328635,0.348771647200967,0.022553362867499,0.488087774294671,40.8,0.771630094043887,0.0108150470219436,0.0764890282131661,0.182445141065831,0.129780564263323,0.779299234796617,0.474828836085381,60956,0.0687315634218289,0.0877742946708464,0.224728151429722,"2014",2014,1
"1042",6085502601,5257.832,0.816425120772947,0.0258620689655172,0.0552884615384615,0.852884615384615,0.00817307692307692,0.57331136738056,0.299011532125206,0.0156507413509061,0.490243902439024,48.8,0.794425087108014,0,0.0947735191637631,0.132752613240418,0.148432055749129,0.730642504118616,0.594728171334432,109628,0.0576923076923077,0.161019909186168,0.336079077429984,"2014",2014,1
"1043",6085502603,5231.82,0.831181727904667,0.0414250207125104,0.0471232876712329,0.802739726027397,0.00273972602739726,0.575342465753425,0.341412012644889,0,0.495915032679739,42.8,0.752859477124183,0.0122549019607843,0.0714869281045752,0.154820261437909,0.0980392156862745,0.677555321390938,0.34668071654373,54003,0.053834808259587,0.127973748974569,0.246575342465753,"2014",2014,1
"1044",6085502604,8304.678,0.18252516010979,0.137317680540733,0.0211132437619962,0.81445937300064,0.0204734484964811,0.252080274106706,0.189916789035732,0,0.510710808179163,32.6,0.751947419668939,0.0649951314508277,0.10491723466407,0.218354430379747,0.216407010710808,0.314733235438081,0.108663729809104,46839,0.0335707019328586,0.185989748596534,0.0391581008321096,"2014",2014,4
"1045",6085502701,6886.327,0.655004859086492,0.0276558384547849,0.0915871121718377,0.73090692124105,0.0143198090692124,0.4828125,0.268229166666667,0.00885416666666667,0.484313725490196,40.3,0.699564270152505,0.0398692810457516,0.137908496732026,0.202614379084967,0.23681917211329,0.5609375,0.257291666666667,42178,0.118076923076923,0.270028378083388,0.143229166666667,"2014",2014,6
"1046",6085502702,6483.104,0.749844430616055,0.0627604166666667,0.079467817331895,0.749370729953254,0.0316432937792161,0.465353037766831,0.287027914614122,0.00426929392446634,0.485928458705944,39.6,0.701998947922146,0.0252498684902683,0.170173592845871,0.123356128353498,0.248947922146239,0.69688013136289,0.284729064039409,46359,0.0878378378378378,0.20782363220863,0.135632183908046,"2014",2014,6
"1047",6085502800,6380.84,0.924313462826524,0.0340425531914894,0.0790500975927131,0.645738451528952,0,0.566256830601093,0.368852459016393,0,0.542628571428571,39.8,0.758857142857143,0.00182857142857143,0.0841142857142857,0.1952,0.181485714285714,0.716530054644809,0.282786885245902,43469,0.103114478114478,0.120009178522258,0.19603825136612,"2014",2014,6
"1048",6085502901,9160.233,0.699343544857768,0.0672802284988892,0.115561391989494,0.675859050120377,0.00941124972641716,0.61101163831692,0.396598030438675,0,0.476118954641033,39.1,0.71297686993091,0.00705917693000901,0.163112045659357,0.235355962751577,0.2149294082307,0.606087735004476,0.30259623992838,39039,0.0844083006169377,0.129721595184349,0.14189794091316,"2014",2014,6
"1049",6085502902,7176.627,0.873126142595978,0.0339033018867925,0.0516656692599242,0.828047077598245,0.0199481348493916,0.663238095238095,0.408380952380952,0.00152380952380952,0.51942880681038,42.5,0.725662501716326,0.00411918165591103,0.12082932857339,0.217492791432102,0.161334614856515,0.856380952380952,0.417904761904762,51901,0.111944157187177,0.156035193841078,0.23047619047619,"2014",2014,6
"1050",6085502903,7097.987,0.979705733130391,0.0554303740423614,0.062433011789925,0.788049303322615,0.0294748124330118,0.659703133589885,0.37108301264431,0.00989554700384827,0.506589147286822,45.4,0.796317829457364,0.0507751937984496,0.109883720930233,0.160852713178295,0.160271317829457,0.898845519516218,0.495327102803738,56381,0.0777502067824648,0.0732558139534884,0.269928532160528,"2014",2014,1
"1051",6085502906,7178.2,0.73397243858598,0.0594519275429633,0.0992416749093307,0.711177052423343,0.00989119683481701,0.519344262295082,0.422295081967213,0,0.470821661998133,38,0.63468720821662,0.0676937441643324,0.176704014939309,0.199579831932773,0.260504201680672,0.661639344262295,0.219672131147541,35791,0.0570342205323194,0.231003039513678,0.0754098360655738,"2014",2014,6
"1052",6085502907,7923.819,0.985041136873598,0.0135059088351154,0.0550091074681239,0.740983606557377,0.0120218579234973,0.687218045112782,0.376691729323308,0.00676691729323308,0.498824758422565,44.6,0.722381822930269,0.0161922172891094,0.131888221467746,0.16636197440585,0.169234787150692,0.826315789473684,0.419548872180451,50315,0.0764887063655031,0.118532206969377,0.182706766917293,"2014",2014,6
"1053",6085502908,8373.719,0.849691991786448,0.0471875,0.0609536662168241,0.758884390463338,0.0303643724696356,0.559753593429158,0.408213552361396,0,0.492049338683311,36.7,0.718085896864319,0.0260068360826274,0.14890771288453,0.153217417149651,0.191410313568138,0.747843942505133,0.283778234086242,47528,0.0385527876631079,0.158567394858077,0.214784394250513,"2014",2014,1
"1054",6085502909,10799,0.535903614457831,0.0225590412407473,0.088628762541806,0.749442586399108,0.0183946488294314,0.478367748279253,0.395280235988201,0,0.467194987099152,35,0.728713601179506,0.0204570586067084,0.12108367121268,0.345005528934759,0.249539255436786,0.472959685349066,0.295476892822026,38235,0.0873266078184111,0.216181349060081,0.0865290068829892,"2014",2014,6
"1055",6085502910,7497.602,0.505050505050505,0.0289490245437382,0.0907980456026059,0.730456026058632,0.0370521172638437,0.464899713467049,0.277220630372493,0.00573065902578797,0.457676590776416,39.9,0.656742556917688,0.0160537069468768,0.211617046117922,0.218038528896672,0.257443082311734,0.449140401146132,0.292263610315186,37786,0.0733995584988962,0.147694103911267,0.0623209169054441,"2014",2014,6
"1056",6085503001,6500.94,0.975490196078431,0.0492040520984081,0.0367386400257815,0.817595874959716,0.0306155333548179,0.59375,0.410539215686274,0,0.452353350336193,43.4,0.817528402504057,0.012056573150939,0.0785995826570832,0.127289589612799,0.124043589149084,0.798406862745098,0.440563725490196,63443,0.0424657534246575,0.136449928808733,0.276960784313726,"2014",2014,1
"1057",6085503002,6906.741,0.850453172205438,0.0310913705583756,0.106114398422091,0.73491124260355,0.0149901380670611,0.551342812006319,0.362559241706161,0,0.433993399339934,41.2,0.77997799779978,0.0121012101210121,0.113311331133113,0.252475247524752,0.16996699669967,0.718009478672986,0.370458135860979,46875,0.0481586402266289,0.179696287964004,0.166666666666667,"2014",2014,6
"1058",6085503003,7430.061,1,0.0443368107302534,0.035542490646713,0.781133083912346,0.015766969535008,0.651864035087719,0.416666666666667,0.0043859649122807,0.556274721323265,40.4,0.703523912261776,0.0303847536857246,0.123696512046027,0.207479323984178,0.157677094570298,0.871162280701754,0.431469298245614,42050,0.057925771765522,0.12214015492704,0.139802631578947,"2014",2014,6
"1059",6085503105,3574.39,0.349056603773585,0.032520325203252,0.343391671695836,0.499698249849125,0,0.363523573200993,0.392059553349876,0,0.475142624286879,39,0.182151589242054,0.00407497962510187,0.694376528117359,0.220863895680522,0.570904645476773,0.300248138957816,0.0744416873449131,21151,0.131901840490798,0.525360824742268,0.0669975186104218,"2014",2014,5
"1060",6085503108,9007.958,0.455114822546973,0.0686486486486487,0.142092178236757,0.69439663415567,0.0470453241537579,0.590959206174201,0.501653803748622,0.00404263138552003,0.485895003162555,32.8,0.417836812144213,0.0344086021505376,0.362555344718533,0.353447185325743,0.380265654648956,0.46159500183756,0.187798603454612,40852,0.15627095908786,0.210299886119195,0.208379272326351,"2014",2014,6
"1061",6085503110,15903.62,0.224956063268893,0.111712598425197,0.498896247240618,0.254231052244297,0,0.47536496350365,0.698905109489051,0.0072992700729927,0.466815506393343,27,0.368784250050741,0.0121777958189568,0.381165009133347,0.595900142074285,0.574994925918409,0.235401459854015,0.0684306569343066,12954,0.0974224552206204,0.668560990460727,0.010036496350365,"2014",2014,5
"1062",6085503111,14837.47,0.904761904761905,0.0565630397236615,0.374308543331285,0.415181315304241,0.00368776889981561,0.660427807486631,0.547237076648841,0,0.484689085102386,34.5,0.301333834303964,0.0276160060116476,0.518692466654142,0.392447867743754,0.459891038887845,0.64349376114082,0.121212121212121,18425,0.0941043083900227,0.40301602262017,0.036541889483066,"2014",2014,5
"1063",6085503112,8597.924,0.324983943481053,0.0942492012779553,0.29105873550318,0.505050505050505,0.0108492330714553,0.300417246175243,0.273296244784423,0,0.524049960138188,33.5,0.390911506776508,0.0459739569492426,0.272123305872974,0.503853308530428,0.452830188679245,0.294158553546592,0.131432545201669,26552,0.0867273598466699,0.4608,0.043115438108484,"2014",2014,6
"1064",6085503113,18252.55,0.578754578754579,0.102125693160813,0.501379310344828,0.253103448275862,0,0.416053019145803,0.540500736377025,0.00441826215022091,0.49831783099149,28.7,0.469424104492381,0.0484860478923412,0.0573916485256283,0.822085889570552,0.480902434197506,0.352724594992636,0.0795287187039764,16841,0.0755483346872461,0.579928599761999,0.00883652430044183,"2014",2014,5
"1065",6085503115,3462.787,0.518977827884254,0.061928004881025,0.0780767534186149,0.755183061314513,0.015880017644464,0.478588421887391,0.299762093576527,0.0111022997620936,0.473866446826051,39.2,0.565539983511954,0.0130255564715581,0.319373454245672,0.227699917559769,0.331244847485573,0.864789849325932,0.25614591593973,50653,0.0635100652112277,0.108005292755541,0.1050753370341,"2014",2014,6
"1066",6085503116,11224.53,0.344964664310954,0.0219992280972597,0.14021942734814,0.71019534385871,0.0254214610650254,0.454220634211702,0.276909334524341,0.01965163019205,0.464587525150905,39.7,0.483098591549296,0.028169014084507,0.383702213279678,0.153319919517103,0.438229376257545,0.56855739169272,0.222420723537293,40361,0.0712019739161086,0.212676056338028,0.0821795444394819,"2014",2014,6
"1067",6085503117,17728.74,0.540575916230366,0.0982456140350877,0.472612699951527,0.351914687348522,0,0.517015706806283,0.574607329842932,0,0.528279883381924,30.3,0.194752186588921,0.0244897959183673,0.391545189504373,0.495626822157434,0.492711370262391,0.363874345549738,0.0445026178010471,14718,0.179611650485437,0.549562682215743,0,"2014",2014,5
"1068",6085503118,25611.54,0.321305841924399,0.0669322709163347,0.302092543471854,0.386089006778662,0,0.52528256989887,0.508030933967876,0,0.479628305932809,30.5,0.319692637598284,0.0385989992852037,0.329342387419585,0.527340957827019,0.502859185132237,0.234384295062463,0.0630577037477692,19904,0.102356665494196,0.359397417503587,0.00356930398572278,"2014",2014,5
"1069",6085503121,5255.893,0.287078294080204,0.0674418604651163,0.235194585448393,0.493739424703892,0.00575296108291032,0.329575596816976,0.355437665782493,0.0106100795755968,0.490006737031215,33.4,0.46732539860768,0.0702896923422412,0.202110936447339,0.500785986975073,0.339995508645857,0.38395225464191,0.0994694960212202,21762,0.152469856087126,0.479594137542277,0.0192307692307692,"2014",2014,3
"1070",6085503122,2004.827,0.237698081734779,0.0462633451957295,0.271221532091097,0.391821946169772,0,0.354110207768744,0.30713640469738,0,0.458957887223412,38.9,0.197359029264811,0.0952890792291221,0.396859386152748,0.302997858672377,0.411491791577445,0.372177055103884,0.019873532068654,16257,0.194188518781006,0.616702355460385,0.012646793134598,"2014",2014,5
"1071",6085503123,14899.2,0.167057444314185,0.0805405405405405,0.205078125,0.5765625,0.011328125,0.387096774193548,0.304590570719603,0.0130272952853598,0.49639175257732,31.6,0.415463917525773,0.10180412371134,0.149742268041237,0.499484536082474,0.287371134020619,0.173076923076923,0.0787841191066997,25346,0.115402298850575,0.522938144329897,0.0353598014888337,"2014",2014,5
"1072",6085503204,14754.68,0.601318681318681,0.0484446710861805,0.265227447956823,0.441017733230532,0.00192752505782575,0.436515291936979,0.456904541241891,0,0.530645161290323,32.1,0.397890818858561,0.046029776674938,0.336104218362283,0.513399503722084,0.450496277915633,0.620481927710843,0.13531047265987,19521,0.110515740120563,0.36,0.0370713623725672,"2014",2014,5
"1073",6085503207,8090.005,0.990485252140818,0.0261752136752137,0.27906976744186,0.543214161749393,0.00971884762235335,0.601173020527859,0.52297165200391,0.00782013685239492,0.537019230769231,38.7,0.242067307692308,0.0305288461538462,0.619230769230769,0.213942307692308,0.572596153846154,0.725317693059629,0.221896383186706,23892,0.1395244504262,0.225961538461538,0.0566959921798631,"2014",2014,6
"1074",6085503208,9455.761,0.956326987681971,0.0141093474426808,0.333074232413525,0.403420132141469,0.0124368441507967,0.515222482435597,0.537470725995316,0,0.442229161662263,31.8,0.551765553687245,0.00840739851068941,0.306990151333173,0.580110497237569,0.471775162142686,0.624121779859485,0.18384074941452,21555,0.154436450839329,0.361927710843373,0.0749414519906323,"2014",2014,5
"1075",6085503210,7080.401,0.931034482758621,0.0226781857451404,0.344204322200393,0.434970530451866,0,0.627002288329519,0.602974828375286,0.0160183066361556,0.56453474948049,31.4,0.363426460401755,0.0198568459939968,0.505195105056569,0.467790348649273,0.480027707226968,0.655606407322655,0.173913043478261,18789,0.118117647058824,0.313863476425053,0.0389016018306636,"2014",2014,5
"1076",6085503211,12917.75,0.983648881239243,0.021079258010118,0.361641493302935,0.38871473354232,0.00170988885722428,0.680795847750865,0.525086505190311,0,0.505031680954156,35.3,0.41147968691763,0.0199403652627656,0.461051062243757,0.38948937756243,0.484718598583675,0.769031141868512,0.195501730103806,27228,0.114050768680729,0.384456542143796,0.0830449826989619,"2014",2014,5
"1077",6085503212,6472.427,0.98157625383828,0.0222913426645931,0.217696629213483,0.582162921348315,0.00316011235955056,0.605997931747673,0.460186142709411,0.0062047569803516,0.517568850902184,37.1,0.298195631528965,0.0189933523266857,0.528252611585945,0.326210826210826,0.416429249762583,0.77559462254395,0.248190279214064,24686,0.10045045045045,0.269486692015209,0.0992761116856256,"2014",2014,6
"1078",6085503213,10197.96,0.591346153846154,0.0595765632693255,0.412018711766823,0.416696653472472,0,0.570480928689884,0.422056384742952,0,0.505428505428505,38.4,0.304689304689305,0,0.564333564333564,0.317163317163317,0.546315546315546,0.632669983416252,0.0555555555555556,17735,0.095364238410596,0.477008824895495,0.0149253731343284,"2014",2014,5
"1079",6085503214,11814.31,0.24968474148802,0.0156433320297223,0.354136727571341,0.340587148429481,0,0.499341816586222,0.602457218078104,0.00745941202281702,0.478693356256908,29.9,0.371239101068402,0.0112980474026771,0.438904580621393,0.508657742846617,0.519096156207786,0.509433962264151,0.110136024572181,15261,0.209295352323838,0.531745057104261,0.0131636682755595,"2014",2014,5
"1080",6085503217,19066.49,0.871086556169429,0.0764192139737991,0.508686868686869,0.287272727272727,0,0.631077216396568,0.581506196377502,0,0.499435793274656,28.2,0.407357255698488,0.0266305574362446,0.335138794854435,0.599864590385917,0.477995937711578,0.489037178265014,0.103908484270734,15250,0.17261118450022,0.472353870458136,0.0209723546234509,"2014",2014,5
"1081",6085503218,20608.4,0.464765100671141,0.0768049155145929,0.526001405481377,0.320449754040759,0,0.598275862068966,0.56551724137931,0,0.519828510182208,30,0.646945337620579,0.0156484458735263,0.156913183279743,0.788424437299035,0.518542336548767,0.331896551724138,0.0818965517241379,14399,0.123620309050773,0.524126099077847,0,"2014",2014,5
"1082",6085503304,11811.67,0.598412698412698,0.0973353071798668,0.372381166929489,0.390177968010813,0.00157693174138319,0.598888888888889,0.440555555555556,0.00611111111111111,0.474003334849174,37.3,0.329088979839321,0.0409276944065484,0.456722752766409,0.434136728816129,0.528118841897832,0.534444444444444,0.110555555555556,19757,0.186202864659456,0.342861581482057,0.0355555555555556,"2014",2014,5
"1083",6085503305,7542.702,0.797235023041475,0.0690789473684211,0.397116949546617,0.388514299000232,0,0.603068712474983,0.481654436290861,0.00600400266844563,0.503101004134672,36.7,0.303603071470762,0.0187536916715889,0.442114589486119,0.476077968103957,0.53603071470762,0.573048699132755,0.0987324883255504,18090,0.147768395657419,0.461732423613171,0.056704469646431,"2014",2014,5
"1084",6085503306,6656.222,0.751912568306011,0.0327498588368154,0.275130305286672,0.394266567386448,0.00186150409530901,0.646522234891676,0.6442417331813,0,0.50443303779748,31.2,0.431871208586094,0.0149323378441437,0.318478768082128,0.622258516098927,0.438170788614092,0.7115165336374,0.102622576966933,17038,0.143120960295476,0.269948670088661,0.0193842645381984,"2014",2014,5
"1085",6085503312,633.5672,0.924460431654676,0.00687103594080338,0.194197292069632,0.632495164410058,0.00580270793036751,0.586501901140684,0.425855513307985,0,0.504076086956522,39.7,0.452445652173913,0.113315217391304,0.251086956521739,0.367119565217391,0.329619565217391,0.757604562737643,0.236692015209125,33019,0.0741981809478219,0.159782608695652,0.127376425855513,"2014",2014,6
"1086",6085503313,6736.56,1,0.0146484375,0.0827439886845827,0.801980198019802,0.0141442715700141,0.806989674344718,0.472597299444003,0.0127084988085782,0.500475511174513,42.9,0.294816928197813,0.0180694246314788,0.575130765572991,0.183547313361864,0.429386590584879,0.930897537728356,0.347100873709293,47089,0.0814317673378076,0.0684736091298146,0.235107227958697,"2014",2014,10
"1087",6085503315,12632.17,0.62671905697446,0.0457516339869281,0.202473568721325,0.568920805904648,0.00339118292439657,0.573478476001979,0.522018802572984,0,0.444000997755051,34.2,0.209403841356947,0.05874282863557,0.5,0.352332252432028,0.46595160888002,0.566056407718951,0.152399802078179,22611,0.0949090071412117,0.35382888500873,0.0356259277585354,"2014",2014,5
"1088",6085503321,7056.637,0.967860422405877,0.0173951828724353,0.256104824300179,0.625670041691483,0.00923168552709946,0.729050279329609,0.43854748603352,0.0363128491620112,0.480745081624111,39.8,0.121389702804521,0.0182084554206781,0.784637923817497,0.114273754709083,0.556718292172457,0.812849162011173,0.327746741154562,32207,0.0805422647527911,0.153572176827991,0.185288640595903,"2014",2014,10
"1089",6085503322,7212.368,1,0.0150780829294561,0.233727810650888,0.605029585798817,0.0118343195266272,0.66359918200409,0.421267893660532,0,0.537179806018403,38.9,0.223576224819697,0.0686396418801293,0.540164138274061,0.304650584431733,0.45834369559811,0.852760736196319,0.206543967280164,27962,0.083864639529181,0.276548122357622,0.116564417177914,"2014",2014,6
"1090",6085503323,10679.29,1,0.00855106888361045,0.167073170731707,0.613414634146341,0.0161585365853659,0.670929241261722,0.372549019607843,0.0127877237851662,0.491964859652882,40.8,0.218984358260124,0.0306406685236769,0.537175916006,0.332976215984573,0.439897150203557,0.85848252344416,0.208013640238704,29188,0.153426791277259,0.176774193548387,0.138959931798806,"2014",2014,6
"1091",6085503324,10859.93,0.980963045912654,0.00948131622978249,0.143526405451448,0.727853492333901,0.0110732538330494,0.724687144482366,0.435722411831627,0,0.503599193780593,39.9,0.159228332853441,0.00604664555139649,0.736251079758134,0.147135041750648,0.53671177656205,0.847554038680319,0.33674630261661,34093,0.0701392470345539,0.15030233227757,0.205915813424346,"2014",2014,10
"1092",6085503325,11261.42,0.972927241962775,0.0114014251781473,0.185691056910569,0.621138211382114,0.00943089430894309,0.648835202761001,0.627264883520276,0,0.473133716160788,35,0.246513535684988,0.0153814602132896,0.558039376538146,0.27707136997539,0.466570959803117,0.736842105263158,0.216566005176877,27285,0.0918742343813801,0.194076222038111,0.12855910267472,"2014",2014,6
"1093",6085503326,4426.06,0.965058236272879,0.0350396099939062,0.0949123557075673,0.778537836682343,0.0138948268490808,0.834719911259013,0.645036051026068,0,0.521973466003317,35.8,0.155749032614704,0.0241846323935876,0.746268656716418,0.142758430071863,0.490878938640133,0.825291181364393,0.227953410981697,46300,0.0889841865451622,0.171831765356945,0.38546866333888,"2014",2014,10
"1094",6085503327,9314.396,0.832092078537576,0.0376606114311032,0.197785757031718,0.598144823459007,0.0170556552962298,0.567625899280575,0.460431654676259,0.0115107913669065,0.501624928311986,38.1,0.32154463773657,0.0634677881858153,0.467023513668515,0.310839227681132,0.340087937296884,0.666187050359712,0.23021582733813,29122,0.173111673292374,0.230916395638033,0.122302158273381,"2014",2014,6
"1095",6085503329,7623.342,0.98326359832636,0.0155183116076971,0.0659737912336195,0.880253050158156,0.0659737912336195,0.756276150627615,0.622384937238494,0.00523012552301255,0.463386396526773,37.8,0.217076700434153,0.0115774240231548,0.682778581765557,0.158610709117221,0.435311143270622,0.928870292887029,0.441422594142259,47100,0.107375271149675,0.0466801971585967,0.327405857740586,"2014",2014,10
"1096",6085503330,1179.779,0.986175115207373,0.0274623712701347,0.045846394984326,0.885384012539185,0.0421238244514107,0.878301886792453,0.674528301886792,0,0.490864197530864,36.5,0.16320987654321,0.000246913580246914,0.811111111111111,0.0898765432098765,0.531728395061728,0.939622641509434,0.359905660377358,52723,0.0607317073170732,0.0566666666666667,0.463679245283019,"2014",2014,10
"1097",6085503331,6740.114,0.763918252290345,0.0176630434782609,0.113065326633166,0.737975592246949,0.018664752333094,0.585313174946004,0.240460763138949,0,0.49789029535865,52.5,0.567932489451477,0.030098452883263,0.315049226441632,0.279324894514768,0.283263009845288,0.728581713462923,0.352051835853132,40322,0.134929906542056,0.168495077355837,0.184305255579554,"2014",2014,6
"1098",6085503332,1794.035,0.91754181252431,0.00510783200908059,0.0379635725257845,0.838051349572087,0.0412552117621242,0.604864433811802,0.165071770334928,0,0.447214076246334,61.8,0.740652492668622,0.00164956011730205,0.204545454545455,0.0786290322580645,0.214442815249267,0.936602870813397,0.620813397129187,54762,0.0990542558486809,0.0868768328445748,0.163875598086124,"2014",2014,1
"1099",6085503333,5537.94,0.95733126454616,0.0213880401571366,0.0411343097538174,0.814895606107822,0.0333437207852914,0.65011636927851,0.429014740108611,0,0.478231292517007,38.6,0.474603174603175,0.0192743764172336,0.421995464852608,0.232879818594104,0.384126984126984,0.830100853374709,0.452288595810706,49494,0.0889404485692189,0.167120181405896,0.325833979829325,"2014",2014,6
"1100",6085503334,1762.162,0.965543071161049,0.025914264955195,0.0660524943507735,0.841300191204589,0.0365026942464801,0.819498825371966,0.581832419733751,0.00822239624119029,0.505403899721449,40.5,0.343398328690808,0.0139275766016713,0.599108635097493,0.0962674094707521,0.431754874651811,0.945184025058731,0.380971025841817,70800,0.0393824121727456,0.0709807433945365,0.484338292873923,"2014",2014,1
"1101",6085503336,10326.84,0.924528301886792,0.025186033199771,0.258426966292135,0.570120682480233,0.0249687890137328,0.721445221445221,0.58041958041958,0,0.509210888094583,34.7,0.209788287049766,0.0134726422875997,0.549078911190542,0.333516634588947,0.505911465493539,0.724941724941725,0.196969696969697,26140,0.0933197348291688,0.313239746765758,0.130536130536131,"2014",2014,6
"1102",6085503337,13067.32,0.674846625766871,0.0506108202443281,0.240441466298778,0.56641702798581,0.00670082774931021,0.588735387885229,0.509032943676939,0,0.501446226663161,37.8,0.250328687877991,0.0191953720746779,0.642387588745727,0.264790954509598,0.462529581909019,0.707757704569607,0.174282678002125,25363,0.167305848513902,0.322538177988415,0.0701381509032944,"2014",2014,5
"1103",6085503401,15821.78,0.916751269035533,0.109235352532274,0.410701373825018,0.350325379609544,0,0.550106609808102,0.597014925373134,0,0.479371316306483,29.3,0.373717528923816,0.0327439423706614,0.204977079240341,0.765553372626064,0.589609255621043,0.654584221748401,0.125799573560768,16426,0.0746998666073811,0.433783783783784,0.00746268656716418,"2014",2014,5
"1104",6085503402,16983.29,0.535337124289196,0.0429009193054137,0.481198215423837,0.310388782664117,0,0.484113712374582,0.584448160535117,0,0.531845400108873,30.1,0.412084921066957,0.0361095989838505,0.283977499546362,0.667029577209218,0.560152422427872,0.295986622073579,0.0877926421404682,13228,0.16207322089675,0.509427054731832,0.00418060200668896,"2014",2014,5
"1105",6085503504,13772.58,0.979131886477462,0.041994750656168,0.409358363687307,0.261137573550014,0,0.584470989761092,0.680034129692833,0.0136518771331058,0.491448692152918,30.2,0.504191817572099,0.00788061703554661,0.211770623742455,0.779007377598927,0.52280348759222,0.684300341296928,0.0819112627986348,15707,0.108745496233213,0.380243572395129,0.0110921501706485,"2014",2014,5
"1106",6085503506,15731.28,0.731911652703732,0.056184668989547,0.384862262637069,0.368815191227601,0,0.645087585681645,0.613099771515613,0,0.489214556232505,33.9,0.418903342664252,0.0184422855260991,0.273176354355343,0.654701136176519,0.497777045941051,0.537699923838538,0.0845392231530845,14083,0.131617647058824,0.506105610561056,0.00609291698400609,"2014",2014,5
"1107",6085503507,15798.38,0.951530612244898,0.0653173873045078,0.486884197056942,0.26679462571977,0,0.435356200527704,0.567282321899736,0,0.535021097046414,36.1,0.473839662447257,0.0248945147679325,0.171308016877637,0.728691983122363,0.544725738396625,0.635883905013193,0.116094986807388,15191,0.0694214876033058,0.480172413793103,0.0316622691292876,"2014",2014,5
"1108",6085503508,17307.74,0.90032154340836,0.0668724279835391,0.370904020450848,0.313502207762026,0,0.636655948553055,0.510450160771704,0.00482315112540193,0.562416505863144,33.2,0.35401514027015,0.0246400474988867,0.172628766513285,0.698085201128099,0.559447825441591,0.616559485530547,0.117363344051447,16953,0.162921348314607,0.51729300793532,0.0522508038585209,"2014",2014,5
"1109",6085503509,9769.779,1,0.0221606648199446,0.292682926829268,0.438250096786682,0,0.629714285714286,0.553142857142857,0,0.492750061440157,32,0.33300565249447,0.0122880314573605,0.322192184811993,0.547063160481691,0.445318260014746,0.682285714285714,0.148571428571429,21207,0.0945880058508045,0.340588671778382,0.0674285714285714,"2014",2014,5
"1110",6085503510,14768.67,0.827169274537696,0.119769673704415,0.382594417077176,0.292829775588396,0.00465243568691845,0.62375533428165,0.569701280227596,0,0.522410865874363,30.6,0.295076400679117,0.0415959252971137,0.189643463497453,0.692359932088285,0.455178268251273,0.514224751066856,0.069701280227596,16200,0.148305084745763,0.500680272108844,0.0220483641536273,"2014",2014,5
"1111",6085503511,12100.88,0.989583333333333,0.0393224440411373,0.240209931368591,0.514331853048042,0,0.64622641509434,0.531839622641509,0,0.515745998967476,35.5,0.19514713474445,0.00903458957150232,0.491997934950955,0.374290139390811,0.457150232318018,0.722877358490566,0.097877358490566,20270,0.098018211033744,0.283636363636364,0.0294811320754717,"2014",2014,5
"1112",6085503601,5689.903,0.732162458836443,0.0929460580912863,0.316243928764166,0.403130059363195,0,0.55184331797235,0.441244239631336,0,0.546531302876481,34.1,0.477157360406091,0.00609137055837563,0.171235194585448,0.59492385786802,0.476818950930626,0.355990783410138,0.0990783410138249,18270,0.146648044692737,0.525755494505495,0.0288018433179724,"2014",2014,5
"1113",6085503602,11243.13,0.636627906976744,0.0634605850272682,0.373766316459726,0.404011461318052,0.00159184972938555,0.470544918998527,0.524300441826215,0.00441826215022091,0.520408163265306,31,0.416056988833269,0.048710050057759,0.256449749711205,0.630342703118983,0.441470927993839,0.4860088365243,0.172312223858616,17720,0.159578776832726,0.49364161849711,0.0625920471281296,"2014",2014,5
"1114",6085503703,15759.87,0.739915074309979,0.0876680303915839,0.410678442392613,0.319148936170213,0,0.556270096463023,0.55091103965702,0.00643086816720257,0.51930596285435,30.7,0.389296187683284,0.0596285434995112,0.215298142717498,0.70772238514174,0.5,0.520900321543408,0.0621650589496249,17129,0.105605605605606,0.486029411764706,0.0396570203644159,"2014",2014,5
"1115",6085503707,18793.04,0.767857142857143,0.0547325102880658,0.322643614054657,0.443390964863357,0.00195203569436698,0.491215226939971,0.45900439238653,0,0.510334735686848,34.1,0.270898115968539,0.0440826778854948,0.415035668556795,0.460398756173404,0.546369123833913,0.619326500732064,0.0856515373352855,19482,0.119030648610121,0.315364869820315,0.0168374816983895,"2014",2014,5
"1116",6085503708,5453.668,0.756720430107527,0.0241187384044527,0.261571582346609,0.578040904198062,0.00376749192680301,0.586776859504132,0.384297520661157,0,0.491412958626073,41.6,0.15495706479313,0.0355191256830601,0.69047619047619,0.215066354410617,0.58391881342701,0.607438016528926,0.0840220385674931,24590,0.14340490797546,0.316706254948535,0.0661157024793388,"2014",2014,5
"1117",6085503709,16863.33,0.299556681443952,0.116981132075472,0.381334096764958,0.308903521328371,0,0.539448364336113,0.475304682488775,0,0.509718847622353,34.9,0.194203401596668,0.0118014578271434,0.590419993057966,0.371398819854217,0.65619576535925,0.202052597819115,0.0545221295702373,12525,0.162523900573614,0.659766915985389,0.0205259781911482,"2014",2014,5
"1118",6085503710,16856.04,0.486905916585839,0.102496714848883,0.342787682333874,0.388168557536467,0.00648298217179903,0.51010101010101,0.542424242424242,0,0.488633461047254,33.1,0.283524904214559,0.0053639846743295,0.283269476372925,0.667688378033206,0.500127713920817,0.264646464646465,0.0404040404040404,20065,0.167202572347267,0.442601710287639,0.0272727272727273,"2014",2014,5
"1119",6085503711,13460.61,0.811607992388202,0.0411764705882353,0.398874428420682,0.293000351741119,0.00175870559268378,0.645099904852521,0.634633682207422,0,0.515602692229247,29.1,0.465633285743422,0.0334489088313278,0.10055068325515,0.768509076075872,0.438099122985927,0.397716460513796,0.0418648905803996,15234,0.0804242156429518,0.490143737166324,0.00856327307326356,"2014",2014,5
"1120",6085503712,15837.96,0.22663723325975,0.133024869866975,0.25701871657754,0.426804812834225,0.00668449197860963,0.487640449438202,0.336329588014981,0.00299625468164794,0.508860759493671,43.6,0.297215189873418,0.0412658227848101,0.470379746835443,0.418987341772152,0.628354430379747,0.274906367041199,0.048689138576779,21281,0.0883864337101747,0.427717391304348,0.0127340823970037,"2014",2014,5
"1121",6085503713,15410.68,0.13588850174216,0.0686106346483705,0.347407803313736,0.411010154997328,0.00962052378407269,0.353832442067736,0.340463458110517,0,0.483617747440273,35.4,0.292491467576792,0,0.36382252559727,0.534129692832764,0.575767918088737,0.206773618538324,0.0329768270944742,16673,0.0581761006289308,0.684982935153584,0,"2014",2014,5
"1122",6085503802,12207.75,0.827365728900256,0.0630510285866952,0.237959836502577,0.496534565487827,0.00319886262662165,0.587209302325581,0.399821109123435,0,0.522355921469284,37.6,0.319696010132996,0.0367321089297023,0.341861937935402,0.395313489550348,0.384293856871438,0.658318425760286,0.155187835420394,26799,0.0982895687786076,0.263906856403622,0.0402504472271914,"2014",2014,5
"1123",6085503803,11665.12,0.738351254480287,0.0598021582733813,0.172657450076805,0.6678955453149,0.0261136712749616,0.600303951367781,0.45516717325228,0,0.494797196857082,40.3,0.221703121681886,0.0244213208749204,0.616054363983861,0.189212146952644,0.529411764705882,0.703647416413374,0.310790273556231,32583,0.10337972166998,0.228869491164573,0.110942249240122,"2014",2014,6
"1124",6085503804,9483.807,0.694328358208955,0.0214105793450882,0.237960339943343,0.517383466391965,0.00437805820242081,0.568555758683729,0.365021328458257,0,0.507267181051498,37.3,0.370357078772654,0.0249416831150188,0.420240445002692,0.40283509779293,0.491476762964292,0.591712370505789,0.190127970749543,24597,0.112371499468274,0.309707518392248,0.0268129189518586,"2014",2014,5
"1125",6085503902,15182.57,0.76751394916305,0.0537159676232524,0.284196185286104,0.381198910081744,0.00790190735694823,0.510349288486417,0.586028460543338,0,0.483924704314509,33.5,0.268365817091454,0.0276528402465434,0.174745960353157,0.683491587539564,0.403631517574546,0.379689521345408,0.103492884864166,19837,0.0804003874717469,0.350325923449774,0.0420439844760673,"2014",2014,5
"1126",6085503903,10594.12,0.816283924843424,0.065050266114725,0.34268956849602,0.402178466694596,0,0.52713987473904,0.450939457202505,0,0.465608465608466,34.5,0.26957671957672,0.0044973544973545,0.361904761904762,0.573015873015873,0.45952380952381,0.478079331941545,0.15866388308977,20998,0.103624298111281,0.483870967741935,0.0302713987473904,"2014",2014,5
"1127",6085504001,13543.94,0.780909673286355,0.0768633540372671,0.324239244491081,0.377492130115425,0.00236096537250787,0.520779220779221,0.453896103896104,0,0.506563446650959,34.2,0.383709188825311,0.0269269606193201,0.183103332211377,0.732918209357119,0.427297206327836,0.600649350649351,0.0798701298701299,19674,0.136216914138154,0.292798110979929,0.037012987012987,"2014",2014,5
"1128",6085504002,15175.42,0.641873278236915,0.0756799369333859,0.35608616662341,0.368284453672463,0.00467168440176486,0.482661004953999,0.510261854210899,0.00495399858457183,0.475839475839476,35,0.291236691236691,0.0240786240786241,0.341523341523342,0.57018837018837,0.515315315315315,0.370842179759377,0.0530785562632696,15435,0.120246659815005,0.495331695331695,0.016277423920736,"2014",2014,5
"1129",6085504101,12006.62,0.96524064171123,0.0628445424476295,0.261254328587918,0.426317814544055,0.00384763370527126,0.649267399267399,0.529304029304029,0,0.538378143972246,31,0.363833477883781,0.0229835212489159,0.178664353859497,0.632697311361665,0.33347788378144,0.621794871794872,0.105311355311355,17508,0.167989417989418,0.47293758184199,0.0256410256410256,"2014",2014,5
"1130",6085504102,11494.93,0.991602519244227,0.0237312887915298,0.333081761006289,0.387169811320755,0.0020125786163522,0.601892285298399,0.471615720524017,0.0101892285298399,0.486925913509889,34.3,0.334897753938988,0.0170968823332216,0.187395239691586,0.689071404626215,0.400100569896078,0.658660844250364,0.135371179039301,20237,0.15575485799701,0.358831475852752,0.0189228529839884,"2014",2014,5
"1131",6085504201,4534.003,0.919759825327511,0.0390299355816597,0.113233287858117,0.706139154160982,0.0150068212824011,0.581408140814081,0.325082508250825,0,0.499713247944944,43,0.522653412349455,0.0200726438539476,0.268017587459377,0.372586503536609,0.292487096157522,0.776127612761276,0.400990099009901,51319,0.089622641509434,0.146979607541362,0.193619361936194,"2014",2014,6
"1132",6085504202,789.3732,0.980506822612086,0.0333766796705678,0.11362248014661,0.762675626145388,0.0271838729383018,0.789329685362517,0.398084815321477,0.0102599179206566,0.545051698670606,43.6,0.666596328339312,0.00949567419286769,0.183161004431315,0.357248364633889,0.281705001055075,0.828317373461012,0.39671682626539,48508,0.101812572310066,0.0926355771259759,0.27906976744186,"2014",2014,6
"1133",6085504307,8617.076,0.804960541149944,0.0122050447518308,0.106690777576854,0.768793593386722,0.0180831826401447,0.626891734575087,0.476135040745052,0.00756693830034924,0.492332099418297,39.2,0.234091309712674,0.0338445267054469,0.6389917151419,0.0932487220165697,0.526000352547153,0.70139697322468,0.284633294528522,33460,0.0975959813419447,0.22310686482661,0.107683352735739,"2014",2014,6
"1134",6085504308,619.5266,0.927875243664717,0.0310227823557925,0.091801202912314,0.781259892371003,0.0120291231402343,0.655716162943495,0.400131406044678,0.00394218134034166,0.461141060197664,43,0.354222821203953,0.0132524707996406,0.495732255166217,0.168912848158131,0.329290206648697,0.813403416557162,0.454664914586071,48235,0.046875,0.174977538185085,0.258212877792378,"2014",2014,6
"1135",6085504311,8699.964,0.792642140468227,0.0238557558945908,0.0608745906376421,0.852822192255827,0.0364091697168176,0.644060657118787,0.461246840775063,0.006318449873631,0.516482013404459,38.3,0.130214744904938,0.00752291068253317,0.785938996033374,0.0708521406100397,0.613869511694707,0.649957877000843,0.360151642796967,44584,0.0832316329021235,0.147426218256692,0.2106149957877,"2014",2014,10
"1136",6085504314,8237.673,0.992587101556709,0.0302877334679455,0.150015561780268,0.665732959850607,0.0236539060068472,0.599552572706935,0.460104399701715,0,0.49616368286445,39.7,0.182651321398124,0.0398550724637681,0.609548167092924,0.204816709292413,0.478260869565217,0.794929157345265,0.284862043251305,30994,0.101611459265891,0.270547945205479,0.108873974645787,"2014",2014,6
"1137",6085504315,10970.4,0.902048975512244,0.0192307692307692,0.13971397139714,0.66028602860286,0.0184818481848185,0.623188405797101,0.422788605697151,0.00599700149925037,0.498586519863116,39.1,0.188959976194019,0.0705252194613897,0.624311858354411,0.144323761345038,0.48802261568219,0.709145427286357,0.263868065967017,29882,0.0842663523865645,0.295789317065913,0.0864567716141929,"2014",2014,6
"1138",6085504316,12270.98,0.932678821879383,0.0172820109976434,0.193643953676273,0.665499596014005,0.0228925397252895,0.671469740634006,0.472622478386167,0.00864553314121038,0.52309446873218,37,0.18551606158525,0.0218589621744915,0.660330735601597,0.170880060824938,0.521763923208516,0.770893371757925,0.309798270893372,30953,0.124200605856614,0.187619411539931,0.12463976945245,"2014",2014,6
"1139",6085504317,10083.66,1,0.028684907325684,0.168867055572613,0.62665029167946,0.0254835738409579,0.666111573688593,0.429641965029142,0,0.467759327151175,40,0.192365753720078,0.0314858744878154,0.691826612033642,0.108259650636187,0.516713392279491,0.816819317235637,0.271440466278102,31562,0.0967987804878049,0.177916756523614,0.189009159034138,"2014",2014,6
"1140",6085504318,3002.044,0.25462392108508,0.0434020166593599,0.283172936716244,0.477107028288131,0.00933216681248177,0.558863328822733,0.493234100135318,0.0060893098782138,0.513850415512465,37.1,0.189948555599525,0.0126632370399683,0.523149980213692,0.330827067669173,0.5599525128611,0.842354533152909,0.157645466847091,25432,0.109049602423324,0.384234501881561,0.0920162381596752,"2014",2014,5
"1141",6085504319,9655.696,0.802128688921142,0.0793604651162791,0.142077607113985,0.733831851253032,0.00727566693613581,0.646238166417539,0.444942700548082,0,0.485111341273951,34.2,0.192905230450544,0.0178663904712584,0.668694976696012,0.177369238736406,0.508803728638011,0.709018435475835,0.287493771798705,31392,0.124009900990099,0.18120369166775,0.145490782262083,"2014",2014,6
"1142",6085504320,8184.374,0.989547038327526,0.0260869565217391,0.107339449541284,0.748165137614679,0.0188073394495413,0.652122641509434,0.340801886792453,0,0.493752110773387,41.6,0.227288078351908,0.00878081729145559,0.695373184734887,0.124620060790274,0.456602499155691,0.852594339622642,0.366745283018868,37865,0.0901690670006262,0.205336035123269,0.119103773584906,"2014",2014,10
"1143",6085504321,9480.699,0.737405541561713,0.0970907816333684,0.122417750573833,0.742667686814588,0.00255036980362153,0.643852978453739,0.425221799746515,0,0.49149093599704,37.6,0.157602663706992,0.0114687384387717,0.63669996300407,0.185534591194969,0.543840177580466,0.661596958174905,0.233206590621039,34572,0.103726708074534,0.150943396226415,0.128010139416984,"2014",2014,6
"1144",6085504322,4260.637,0.41464552238806,0.0282397238782554,0.0489755122438781,0.836831584207896,0.0329835082458771,0.603791929995139,0.305785123966942,0.00826446280991736,0.5220700152207,33.9,0.190258751902588,0.0428082191780822,0.673896499238965,0.0865677321156773,0.551560121765601,0.349538162372387,0.233349538162372,53427,0.0838100686498856,0.137747336377473,0.200777831793875,"2014",2014,6
"1145",6085504323,12895.5,0.644168466522678,0.0128465179175118,0.132600403859098,0.65694413282477,0.0271483060354499,0.675869685256764,0.439536167863059,0,0.51218740107629,34.7,0.112693890471668,0.00189933523266857,0.700379867046534,0.201487812598924,0.563786008230453,0.540033130866924,0.130314743235781,32551,0.120552778594531,0.225873015873016,0.123136388735505,"2014",2014,6
"1146",6085504410,11335.67,0.754216867469879,0.0381991814461119,0.234273318872017,0.532073132940812,0.00495816547877285,0.599018003273322,0.455810147299509,0,0.506167763157895,37,0.206620065789474,0.0240542763157895,0.615337171052632,0.208264802631579,0.474300986842105,0.617021276595745,0.180032733224223,25566,0.0820073439412485,0.251233552631579,0.0793780687397709,"2014",2014,5
"1147",6085504411,10861.63,0.963484945547726,0.0419556171983356,0.19009900990099,0.585891089108911,0.0108910891089109,0.600256245996156,0.414477898782832,0.0076873798846893,0.54389945889335,41.4,0.267236865072438,0.00226915692092861,0.628032815500087,0.143305987083261,0.474428347006458,0.811018577834721,0.237027546444587,32005,0.111852076386784,0.197520083828152,0.124919923126201,"2014",2014,6
"1148",6085504412,13783.13,0.793283582089552,0.0559440559440559,0.212041116005874,0.596769456681351,0.018208516886931,0.669402985074627,0.582835820895522,0.0082089552238806,0.489012038983375,36.6,0.21402637110644,0.0238868717752723,0.601566978788458,0.201031912860692,0.537359067456526,0.564925373134328,0.158955223880597,24779,0.0961796246648794,0.25891829689298,0.0664179104477612,"2014",2014,6
"1149",6085504413,7253.804,0.771631205673759,0.0234278668310728,0.0992753623188406,0.810869565217391,0.0268115942028985,0.660458452722063,0.306590257879656,0,0.419481981981982,43.2,0.144144144144144,0.0163288288288288,0.814189189189189,0.044481981981982,0.595720720720721,0.631805157593123,0.351002865329513,43854,0.0280046674445741,0.131756756756757,0.156160458452722,"2014",2014,10
"1150",6085504414,8488.151,0.98454603992273,0.0211738484398217,0.0994684889901291,0.770437863831941,0.023538344722855,0.729125575279421,0.515450361604208,0.0105193951347798,0.472699175824176,39.2,0.138392857142857,0.0240384615384615,0.768887362637363,0.0384615384615385,0.499828296703297,0.838264299802761,0.323471400394477,35901,0.106222501571339,0.133784487246226,0.220907297830375,"2014",2014,10
"1151",6085504415,11144.36,0.986005089058524,0.0413533834586466,0.10827850877193,0.756304824561403,0.0350877192982456,0.697402597402597,0.388961038961039,0.0038961038961039,0.512420566146736,39.8,0.196610822260736,0.00866551126516464,0.655497785480454,0.116117850953206,0.51684960523782,0.846103896103896,0.319480519480519,41530,0.102536620221508,0.118236087040246,0.237012987012987,"2014",2014,10
"1152",6085504416,8175.008,0.952593917710197,0.0210194429847609,0.139982876712329,0.726455479452055,0.00813356164383562,0.627649769585253,0.547465437788018,0,0.498169529709941,37.4,0.196564348070966,0.0123908758096311,0.687693607434525,0.150943396226415,0.517882286679809,0.724423963133641,0.27741935483871,40157,0.0273119310014375,0.165868769360743,0.0986175115207373,"2014",2014,10
"1153",6085504417,109.7271,0.873873873873874,0,0.221804511278195,0.646616541353383,0.0902255639097744,0.594594594594595,0.207207207207207,0,0.442307692307692,43.5,0.769230769230769,0,0.230769230769231,0.335164835164835,0.271978021978022,0.72972972972973,0.513513513513513,52570,0.129032258064516,0.295977011494253,0.297297297297297,"2014",2014,6
"1154",6085504418,13487.99,0.660818713450292,0.0792596108210726,0.250406945198047,0.488876831253391,0.00732501356483994,0.607734806629834,0.476716653512234,0,0.475621147020362,38.6,0.152437885297964,0.0132635905099944,0.544367644311601,0.330282084812255,0.565477302447226,0.539068666140489,0.209944751381215,22870,0.137370753323486,0.367988032909499,0.0481452249408051,"2014",2014,5
"1155",6085504420,740.7083,0.932404181184669,0.0150305307656177,0.151035673187572,0.668584579976985,0.0195627157652474,0.664748201438849,0.370503597122302,0.0107913669064748,0.49043659043659,44.3,0.212474012474012,0.0155925155925156,0.61954261954262,0.113305613305613,0.433887733887734,0.686330935251799,0.3,38608,0.105833956619297,0.1002079002079,0.192805755395683,"2014",2014,10
"1156",6085504421,7448.873,0.984149855907781,0.0494559841740851,0.136377473363775,0.646879756468798,0.00882800608828006,0.659142212189616,0.413844996237773,0,0.467864098679939,41.7,0.196710668686432,0.0140662194330232,0.674745726033326,0.166630599437351,0.475438216836183,0.808126410835214,0.295711060948081,35750,0.0399826162538027,0.204933996970353,0.132430398796087,"2014",2014,10
"1157",6085504422,11505.44,0.850731707317073,0.0343949044585987,0.295152603231598,0.49048473967684,0.00143626570915619,0.592195121951219,0.386341463414634,0.0136585365853659,0.4898753894081,43.4,0.256490134994808,0.0321910695742471,0.56723779854621,0.203790238836968,0.497403946002077,0.59609756097561,0.136585365853659,26143,0.113119834710744,0.284265279583875,0.0858536585365854,"2014",2014,5
"1158",6085504423,11892.01,0.980910425844347,0.0391061452513966,0.16108545034642,0.675519630484988,0,0.74302496328928,0.370044052863436,0,0.542823621431365,36.1,0.289401642549863,0.0692217442315213,0.463433711380524,0.206100899491592,0.41298396558467,0.809104258443465,0.217327459618209,31448,0.112135176651306,0.176378568635119,0.170337738619677,"2014",2014,6
"1159",6085504504,4218.814,0.493203206692227,0.0390745501285347,0.140475197999166,0.726552730304293,0.0172294011393636,0.602582496413199,0.371233859397417,0,0.543886664613489,32.8,0.230674468740376,0.0333641309927112,0.621907401704137,0.171645621599425,0.496971563494508,0.51219512195122,0.182209469153515,40727,0.0318118948824343,0.11246240355695,0.172166427546628,"2014",2014,6
"1160",6085504505,6589.535,0.787543252595156,0.0535187526337969,0.104423292273236,0.704367301231803,0.0184770436730123,0.644492131616595,0.47997138769671,0.00572246065808298,0.51625386996904,34.4,0.188660990712074,0.016640866873065,0.60390866873065,0.191176470588235,0.503095975232198,0.680257510729614,0.181688125894134,31512,0.0741959064327485,0.207236842105263,0.118025751072961,"2014",2014,6
"1161",6085504506,8160.1,0.393925859758821,0.0335235378031384,0.11937758327255,0.700218818380744,0.0143447605154389,0.56606463878327,0.379752851711027,0,0.504381352961795,35.8,0.178583946722748,0.0233087977567473,0.733263231685945,0.106905012267788,0.627935506484402,0.491920152091255,0.192965779467681,35172,0.0964856230031949,0.191728005608132,0.0774714828897338,"2014",2014,6
"1162",6085504507,8274.155,0.818999437886453,0.0405959031657356,0.0845579378463021,0.69621777884847,0.0122861960973259,0.555106751298327,0.42065781881131,0,0.456385205861828,38.3,0.201151430565248,0.0291346824842987,0.551639916259595,0.216154919748779,0.442777390090719,0.598961338718984,0.183496826312752,30402,0.127413127413127,0.218248429867411,0.0773225620311598,"2014",2014,6
"1163",6085504601,114.5317,0.0384615384615385,0.0514541387024608,0.164310954063604,0.660777385159011,0.00530035335689046,0.346875,0.353125,0.009375,0.445358401880141,43.2,0.755581668625147,0.0434782608695652,0.0564042303172738,0.403055229142186,0.216216216216216,0.803125,0.165625,30192,0.096969696969697,0.288075560802834,0.0125,"2014",2014,6
"1164",6085504602,83.244,0.590138674884438,0.0249406175771971,0.135499207606973,0.56418383518225,0.00316957210776545,0.560931899641577,0.415770609318996,0.014336917562724,0.47574931880109,35.2,0.573841961852861,0.0125340599455041,0.246866485013624,0.569482288828338,0.334604904632153,0.53584229390681,0.198924731182796,29929,0.111340206185567,0.253405994550409,0.0663082437275986,"2014",2014,5
"1165",6085504700,270.4541,0.668604651162791,0.205533596837945,0.0538922155688623,0.82934131736527,0,0.866279069767442,0.732558139534884,0,0.45440956651719,21.9,0.63677130044843,0.286995515695067,0.0119581464872945,0.213751868460389,0.167414050822123,0,0.133720930232558,20861,0.229787234042553,0.378176382660688,0,"2014",2014,2
"1166",6085504802,7738.008,0.409215578716402,0.064367816091954,0.164488854727133,0.615936459134,0.00614911606456572,0.535082715345123,0.341699942954934,0,0.492591915127126,38.1,0.413938174501555,0.00402414486921529,0.486738613499177,0.245472837022133,0.476495335650265,0.645179691956646,0.240730176839703,29643,0.0986928104575163,0.191662054971407,0.069594980034227,"2014",2014,6
"1167",6085504803,10389.13,0.263598326359833,0.0644965013690295,0.0626281029378274,0.865634251878843,0.0619448872694147,0.500579374275782,0.314407106991116,0,0.521146210944243,33.5,0.337303642326946,0.0388399792853444,0.571206628689798,0.114448472294148,0.482478853789056,0.447663190421012,0.314020857473928,52208,0.0535459982910852,0.134990505782841,0.184241019698725,"2014",2014,6
"1168",6085504805,11345.87,0.0384322678843227,0.0743828150048092,0.13772972972973,0.689945945945946,0.0155675675675676,0.52471956792688,0.244702949729954,0,0.520144790683034,43.8,0.711835064526283,0.0163676424299654,0.205539817437834,0.179729304375197,0.230720805791627,0.811383464894059,0.176152887411716,34805,0.104822971842766,0.265067844745977,0.0332363938512671,"2014",2014,6
"1169",6085504806,8675.127,0.955901426718547,0.0432989690721649,0.132218024824609,0.605504587155963,0.0107933081489477,0.581117021276596,0.38563829787234,0,0.520682148040639,37.5,0.447024673439768,0.0341074020319303,0.436865021770682,0.26233671988389,0.412917271407837,0.752659574468085,0.268617021276596,31489,0.0732323232323232,0.140778464896326,0.0664893617021277,"2014",2014,6
"1170",6085504901,17896.72,0.314057585289136,0.0726982224885161,0.0307051380959728,0.950624903564265,0.0314766239777812,0.59866048428645,0.411643482740855,0.00386398763523957,0.519824686576292,31.4,0.210885740495362,0.0332280093772296,0.695443889511772,0.0538171440220161,0.5514218734074,0.339515713549717,0.227202472952087,60216,0.0399551904406273,0.132300479054123,0.280525502318393,"2014",2014,6
"1171",6085505001,2871.147,0.524633821571238,0.0425755033557047,0.0531773070656199,0.827432972892905,0.0331802695896904,0.530173682661172,0.432734765969974,0,0.507976575121163,35.1,0.309672859450727,0.0531098546042003,0.551797253634895,0.154785945072698,0.473243134087238,0.443626729467177,0.209007948189579,40964,0.0918405365126677,0.236380237394745,0.154842508095378,"2014",2014,6
"1172",6085505006,794.1616,0.191409507923269,0.0579881656804734,0.0147727272727273,0.960511363636364,0.0616477272727273,0.541511194029851,0.224813432835821,0,0.540787623066104,34.1,0.302859821847164,0.0103141115799344,0.63314580403188,0.0644631973745898,0.646976090014065,0.253264925373134,0.34794776119403,72943,0.0710642638558314,0.0968436154949785,0.257462686567164,"2014",2014,9
"1173",6085505007,3564.259,0.781925343811395,0.0807174887892377,0.163802559414991,0.612431444241316,0.00511882998171846,0.546092184368738,0.467935871743487,0,0.504405810907359,35.5,0.420814479638009,0.0885925220290545,0.397713741366992,0.180757323172184,0.401047868540129,0.622244488977956,0.233466933867735,28785,0.0627306273062731,0.257233035244608,0.0911823647294589,"2014",2014,6
"1174",6085505008,8382.29,0.00434940195723088,0.110698824984539,0.00814711359404097,0.960428305400372,0.0400372439478585,0.524676375404531,0.218042071197411,0.00202265372168285,0.529081728071816,30.1,0.310454460445109,0.0155227230222555,0.593042827753881,0.0731251168879746,0.656816906676641,0.00364077669902913,0.251618122977346,65690,0.029057822130907,0.132410697587432,0.25121359223301,"2014",2014,9
"1175",6085505009,5240.617,0.156394129979036,0.0205032618825722,0.152038269550749,0.633319467554077,0.00415973377703827,0.519932145886344,0.40373197625106,0,0.504680616740088,32.3,0.357516519823789,0.0860407488986784,0.324614537444934,0.325440528634361,0.393997797356828,0.525445292620865,0.154368108566582,29054,0.0764156129741616,0.333287444933921,0.0996607294317218,"2014",2014,6
"1176",6085505100,1140.524,0.284332688588008,0.129089827483641,0.123859191655802,0.733594089526293,0.0282485875706215,0.356902356902357,0.172390572390572,0.00673400673400673,0.5227420402859,34.5,0.420727745289149,0.0201429499675114,0.365172189733593,0.296946068875893,0.390188434048083,0.41952861952862,0.222222222222222,42185,0.102673796791444,0.309274983670803,0.0417508417508418,"2014",2014,6
"1177",6085505202,1890.581,0.24922941435491,0.0856781536515966,0.23953488372093,0.581395348837209,0.00767441860465116,0.424188528234771,0.391729657625611,0.00444642063139173,0.502454991816694,31.7,0.501264692754054,0.0272280910578783,0.251450676982592,0.4657045082577,0.523731587561375,0.217429968875056,0.149399733214762,26898,0.0566037735849057,0.394399761691987,0.0475767007558915,"2014",2014,6
"1178",6085505203,9051.397,0.576642335766423,0.31924882629108,0.0660813308687616,0.820702402957486,0.0263401109057301,0.345942228335626,0.218019257221458,0.00550206327372765,0.520801232665639,21.6,0.578775038520801,0.0514252696456086,0.208590138674884,0.194915254237288,0.190292758089368,0.4353507565337,0.199449793672627,34644,0.0714542190305206,0.303248059787295,0.126547455295736,"2014",2014,6
"1179",6085505301,13089.42,0.66,0.0648305084745763,0.130910260533934,0.641042135734963,0.00514634930845931,0.518348623853211,0.477064220183486,0,0.473864610111397,33.3,0.451585261353899,0.0674807197943445,0.415167095115681,0.252570694087404,0.480934018851757,0.454892966360856,0.157492354740061,32002,0.0978674790555979,0.212252878557463,0.118501529051988,"2014",2014,6
"1180",6085505302,7027.04,0.753273604410751,0.0559835644581407,0.0767263427109974,0.796857873584216,0.0259408111070515,0.604403409090909,0.347301136363636,0,0.470543032786885,39.5,0.599385245901639,0.021516393442623,0.275102459016393,0.223104508196721,0.316086065573771,0.770596590909091,0.3125,41149,0.0658143939393939,0.151895491803279,0.110085227272727,"2014",2014,6
"1181",6085505303,15196.64,0.363432165318958,0.0713615023474178,0.152110625909753,0.575691411935953,0.0312954876273654,0.387557603686636,0.321658986175115,0,0.559258094938698,32.6,0.521848475322226,0.0480980823640365,0.286702294875825,0.365136749449859,0.414492298019491,0.355299539170507,0.216129032258065,28483,0.0666087460179554,0.311975953171966,0.0580645161290323,"2014",2014,6
"1182",6085505304,8288.43,0.963235294117647,0.0334281650071124,0.12,0.680425531914894,0.00765957446808511,0.698760724499523,0.314585319351764,0.00953288846520496,0.463894967177243,47.9,0.506408252578931,0.00625195373554236,0.348233823069709,0.238512035010941,0.349484213816818,0.869399428026692,0.38417540514776,45858,0.0981863664790494,0.0988205291679949,0.244995233555767,"2014",2014,6
"1183",6085505305,10347.54,0.634980988593156,0.0752688172043011,0.0841016415561052,0.709916797841241,0.0364290532943557,0.719348659003831,0.397509578544061,0,0.534466175056108,38.1,0.451106123757615,0.0157101635139468,0.436518114780378,0.168323180506573,0.42689964732286,0.603927203065134,0.292145593869732,38001,0.1185303514377,0.1853650639469,0.0953065134099617,"2014",2014,6
"1184",6085505401,13700.33,0.313116550968213,0.0597117364447495,0.0485414767547858,0.827939835916135,0.0373746581586144,0.542949756888169,0.322933549432739,0.00486223662884927,0.479549114331723,32.7,0.26231884057971,0.0280193236714976,0.559259259259259,0.0764895330112721,0.515136876006441,0.277957860615883,0.238654781199352,41398,0.124815579817055,0.156038647342995,0.0903565640194489,"2014",2014,6
"1185",6085505402,6935.02,0.691572545612511,0.0779816513761468,0.0875172731460157,0.721326577614003,0.0175034546292031,0.644100580270793,0.320116054158607,0,0.471764293230445,41.1,0.41283760084181,0.00175377060680463,0.431076815152578,0.211504735180638,0.417397404419502,0.629593810444874,0.264023210831721,40848,0.0946866485013624,0.213960014030165,0.129593810444874,"2014",2014,6
"1186",6085505403,11038.14,0.304044117647059,0.0549278091650973,0.0403284230862111,0.804153586090316,0.0241487563390485,0.523226351351351,0.301097972972973,0,0.499238707494502,33.6,0.426154626966672,0.0350194552529183,0.391981052275419,0.225850109964473,0.462527491118254,0.336148648648649,0.179054054054054,47983,0.0472091085809497,0.225216065073716,0.127956081081081,"2014",2014,6
"1187",6085505500,7632.729,0.68359853121175,0.0451197053406998,0.074632221026193,0.743810548977395,0.0294223179045569,0.519293655984303,0.344015696533682,0,0.463836089854357,37.5,0.571957541347815,0.0436929153295483,0.214021229326092,0.239447050111084,0.289311281165144,0.544146500981033,0.271419228253761,45835,0.051981252662974,0.229326092322883,0.166121648136037,"2014",2014,6
"1188",6085505600,10975.84,0.415975885455916,0.340269966254218,0.0881057268722467,0.794052863436123,0.0743392070484581,0.240391861341372,0.114544084400904,0,0.629903774981495,23,0.644707623982235,0.0481125092524056,0.17813964964224,0.213422156427338,0.241056007895386,0.202712886209495,0.129615674453655,24063,0.112910909957122,0.499168606584636,0.0429540316503391,"2014",2014,6
"1189",6085505700,10515.78,0.544721998388396,0.213656387665198,0.0669408270504912,0.77061914553347,0.0228466986520448,0.392828364222401,0.271958098307816,0.0048348106365834,0.548732050106935,30.1,0.64711274060495,0.0264283531927895,0.189275893675527,0.227467155514818,0.250229147571036,0.312651087832393,0.182917002417405,32049,0.101472995090016,0.395399104523699,0.0668815471394037,"2014",2014,6
"1190",6085505800,5835.633,0.920604914933837,0.0743512974051896,0.0437903804737976,0.828786791098349,0.0150753768844221,0.516752577319588,0.310567010309278,0,0.507915567282322,37,0.715831134564644,0.0282321899736148,0.161477572559367,0.21688654353562,0.191820580474934,0.561855670103093,0.260309278350515,49571,0.102719033232628,0.162269129287599,0.1875,"2014",2014,6
"1191",6085505900,8858.432,0.448503937007874,0.0725146198830409,0.0835218702865762,0.708144796380091,0.0258295625942685,0.437956204379562,0.297279362972794,0.00431320504313205,0.487430357385514,37.7,0.640576165239842,0.0593830683516782,0.200706617746976,0.216605517053948,0.294741133306156,0.383875248838753,0.235567352355674,44065,0.0881285640228097,0.223635107118176,0.161911081619111,"2014",2014,6
"1192",6085506000,8252.634,0.714053174172545,0.0346534653465347,0.0812440495080927,0.75880672802285,0.0231672484925421,0.505611672278339,0.263187429854097,0.00617283950617284,0.511116367076632,40.9,0.635761589403974,0.0264900662251656,0.235099337748344,0.197256385998108,0.271050141911069,0.584736251402918,0.262626262626263,55135,0.0562023283821758,0.131504257332072,0.124017957351291,"2014",2014,6
"1193",6085506101,8131.973,0.812392426850258,0.0445235975066785,0.0397862232779097,0.788598574821853,0.0329572446555819,0.604057971014493,0.343188405797101,0.00347826086956522,0.495676017717781,42,0.55030584264923,0.0744568656401603,0.27968782957182,0.158405399704704,0.322294874499051,0.647536231884058,0.449855072463768,44897,0.105909439754413,0.144126984126984,0.19536231884058,"2014",2014,6
"1194",6085506102,8533.481,0.622474747474748,0.0541575492341357,0.055103550295858,0.847263313609467,0.0314349112426036,0.516949152542373,0.262059973924381,0,0.513217623497997,40.2,0.56475300400534,0.00587449933244326,0.363417890520694,0.11935914552737,0.366355140186916,0.71251629726206,0.404172099087353,51020,0.0516717325227964,0.130888650963597,0.146675358539765,"2014",2014,1
"1195",6085506103,8105.964,0.79616724738676,0.0278444551128181,0.0485527544351074,0.838468720821662,0.0535325241207594,0.684306569343066,0.484793187347932,0.00304136253041363,0.502808404410235,39.5,0.443935926773455,0.0122737674225088,0.481173288953609,0.0873725816517578,0.447472436030788,0.653284671532847,0.368613138686131,47770,0.0903562119895743,0.1805700020803,0.25669099756691,"2014",2014,6
"1196",6085506202,7386.457,0.714609286523216,0.0702627939142462,0.0422209369577791,0.841912473491421,0.0489685752843648,0.660568314519268,0.349941611521993,0,0.478945900725042,41.3,0.434049079754601,0.0288622420524261,0.444506413831567,0.106525376464027,0.352063580591188,0.622031919034644,0.433242506811989,54641,0.0749937296212691,0.076657060518732,0.251848968470222,"2014",2014,6
"1197",6085506203,15534.03,0.207448938726472,0.0500846023688663,0.0569183138842582,0.816623005477495,0.0204810669206954,0.528237791932059,0.436942675159236,0.00552016985138004,0.490772070132267,32.1,0.18040602891418,0.00907413103660412,0.651645647493079,0.139956936327284,0.619040295293756,0.233970276008493,0.227176220806794,36606,0.0342229199372057,0.259304829283297,0.112526539278132,"2014",2014,4
"1198",6085506204,8204.448,0.795768169273229,0.0259146341463415,0.0337771203155819,0.799556213017751,0.0594181459566075,0.619952494061758,0.381472684085511,0,0.503280386740331,39.7,0.445269337016575,0.0176104972375691,0.494475138121547,0.113259668508287,0.424551104972376,0.703087885985748,0.295961995249406,38023,0.0889273356401384,0.210808011049724,0.108788598574822,"2014",2014,6
"1199",6085506301,9925.322,0.301088270858525,0.0642988364972443,0.115237452171956,0.66419086203016,0.0258834121089354,0.3828125,0.229600694444444,0,0.537874756075927,37.4,0.522441014724144,0.0803618946248004,0.261131807699131,0.171190349476672,0.357814440305127,0.276041666666667,0.167534722222222,37164,0.0842805655669532,0.210326773785882,0.109375,"2014",2014,6
"1200",6085506302,7985.796,0.652140377940609,0.0210399759543132,0.0211628425038984,0.860770773000668,0.0425484517709958,0.50761217948718,0.305689102564103,0.00600961538461538,0.522149368303214,40.2,0.612026227410843,0.0457380457380457,0.235087158164081,0.172557172557173,0.20262274108428,0.571314102564103,0.292467948717949,48528,0.0692688290269379,0.111626419318727,0.188701923076923,"2014",2014,6
"1201",6085506304,13500.12,0.216598267213862,0.0291750503018109,0.0763765541740675,0.75869068764273,0.0126871352448617,0.521024649589173,0.376027066215563,0.014016433059449,0.524662102861155,31.1,0.544672634720028,0.0263296471827278,0.30366859750746,0.286642092329296,0.503949447077409,0.176897051715805,0.189463508941518,32409,0.0549415850963057,0.316833421098824,0.0637989366843886,"2014",2014,6
"1202",6085506305,17927.2,0.172308862685432,0.0632774472687939,0.195993031358885,0.541811846689895,0.00587979094076655,0.368649074438755,0.42693974005514,0.00551398188263096,0.532646048109966,30.4,0.601638910917261,0.0544541369283637,0.226275442770288,0.451097012952683,0.457837694951097,0.144545096494683,0.143757384797164,23931,0.0985949612403101,0.395717684377478,0.0575029539188657,"2014",2014,6
"1203",6085506401,9308.798,0.377299237326155,0.0529927563858178,0.111396011396011,0.775498575498575,0.0356125356125356,0.405622489959839,0.240461847389558,0.00150602409638554,0.514998951122299,35.9,0.526956156912104,0.0587371512481645,0.213761275435284,0.303125655548563,0.322634780784561,0.349899598393574,0.289156626506024,59034,0.0956610864366245,0.238724564715754,0.201807228915663,"2014",2014,6
"1204",6085506402,11055.5,0.433247200689061,0.0313684936228887,0.114456497675448,0.657294664600399,0.0126189949081249,0.487870619946092,0.326145552560647,0.00269541778975741,0.491261824595158,35.4,0.571428571428571,0.0883437550104217,0.145422478755812,0.295975629308963,0.318101651434985,0.29874213836478,0.193171608265948,34567,0.113395827033565,0.296703296703297,0.0952380952380952,"2014",2014,6
"1205",6085506501,24524.73,0.34703885326292,0.138361508452536,0.294214876033058,0.495661157024793,0.0130165289256198,0.461476401774909,0.538523598225091,0.0205728116175877,0.527834311025979,28.8,0.599664791093021,0.0531545552496109,0.130252603854902,0.543756734107506,0.424039267329103,0.241226300927793,0.115772488906817,21478,0.12280701754386,0.560853658536585,0.0572811617587737,"2014",2014,5
"1206",6085506502,3930.819,0.410440122824974,0.0287797390636992,0.04182156133829,0.844795539033457,0.0105328376703841,0.2918410041841,0.234309623430962,0.00366108786610879,0.498018186057356,35.2,0.790860340405689,0.0659827465609699,0.080205176031709,0.119841454884588,0.115877826999301,0.467050209205021,0.210251046025105,53642,0.0423242467718795,0.137623297322687,0.131799163179916,"2014",2014,1
"1207",6085506503,8750.95,0.413554100885637,0.0854906682721252,0.0940909090909091,0.712272727272727,0.0225,0.353322528363047,0.282414910858995,0,0.446166666666667,38.1,0.677666666666667,0.012,0.155333333333333,0.2665,0.291833333333333,0.337115072933549,0.183144246353323,37962,0.0421380090497738,0.241983967935872,0.0863047001620746,"2014",2014,6
"1208",6085506601,7804.843,0.63049685893775,0.0673596673596674,0.0847088134537527,0.751167860479601,0.0168171909062597,0.533064979873491,0.365152386428982,0.00287521564117309,0.504323982282219,35.9,0.586374182661886,0.0373338958025733,0.217886521830837,0.248259860788863,0.379666736975322,0.477860839562967,0.242093156986774,41767,0.0917803169922595,0.255220417633411,0.136860264519839,"2014",2014,6
"1209",6085506603,8585.183,0.907058001397624,0.0739381227058207,0.0594333102971666,0.770214236351071,0.0245335176226676,0.679340028694405,0.430416068866571,0,0.485222248080056,41.2,0.637654177333023,0.00395624854549686,0.250872701885036,0.165696997905515,0.276239236676751,0.740315638450502,0.385939741750359,38819,0.0743048897411313,0.197405660377358,0.142037302725968,"2014",2014,6
"1210",6085506604,7770.326,0.849584278155707,0.0386662930792939,0.0523581135091926,0.836930455635492,0.0405675459632294,0.693390692217442,0.419241298396558,0,0.52777400516094,39,0.585902485399973,0.00312372674181719,0.311150346326226,0.093032731223686,0.243243243243243,0.773953852170512,0.443488463042628,44930,0.0382368560807223,0.0901806328942007,0.204536566288619,"2014",2014,6
"1211",6085506605,10302.75,0.567430025445293,0.0148538572113081,0.0930841121495327,0.725607476635514,0.0328971962616822,0.475220638153428,0.361167684996606,0,0.515256760109154,34.8,0.476308608285785,0.0151327214090796,0.269412056561647,0.287769784172662,0.396179608037708,0.394433129667346,0.249830278343517,37921,0.0829713292788879,0.335152567601092,0.113374066530889,"2014",2014,6
"1212",6085506606,9014.623,0.58159509202454,0.0801409070893879,0.0780504430811179,0.746080436264485,0.0412406271301977,0.447798742138365,0.369811320754717,0.0213836477987421,0.472907595549105,37,0.609579100145138,0.00435413642960813,0.256168359941945,0.225931301403,0.299709724238026,0.481761006289308,0.276729559748428,45431,0.0618345618345618,0.222059541239629,0.150314465408805,"2014",2014,6
"1213",6085506701,5697.264,0.937007874015748,0.0384394721744119,0.02106149957877,0.85256950294861,0.0223251895534962,0.682437850842021,0.440256615878107,0,0.530902876673312,43.5,0.724295072628881,0,0.157789803474794,0.137567644545713,0.220734833380803,0.774659182036889,0.340016038492382,52949,0.0536277602523659,0.0814582739960125,0.227746591820369,"2014",2014,6
"1214",6085506702,9708.245,0.615765989092712,0.0826210826210826,0.0968140281551,0.743887379599901,0.00938503334156582,0.53495290034705,0.368864650470997,0,0.543761935073202,33.2,0.666772756206238,0.0119350732017823,0.202577975811585,0.265276893698281,0.244271164863144,0.556271690629648,0.238968765493307,34575,0.0757792393480126,0.196989316931046,0.12097174020823,"2014",2014,6
"1215",6085506703,7055.984,0.746411483253589,0.0539023020774846,0.0476,0.8428,0.036,0.571532846715328,0.409489051094891,0.00583941605839416,0.510569105691057,38.6,0.712466124661247,0.029810298102981,0.168292682926829,0.1289972899729,0.20840108401084,0.505109489051095,0.25985401459854,46004,0.113317191283293,0.237965732934457,0.147445255474453,"2014",2014,6
"1216",6085506801,5427.067,0.808370044052863,0.031811377245509,0.00902439024390244,0.897073170731707,0.0324390243902439,0.594112399643176,0.384924174843889,0,0.510349395595297,43.5,0.79980129160457,0.0253353204172876,0.12568306010929,0.0750124192747144,0.156482861400894,0.68242640499554,0.334968777876896,59075,0.0564915758176412,0.0910765109660137,0.291257805530776,"2014",2014,1
"1217",6085506802,6456.689,0.854718981972428,0.0299003322259136,0.0437605872388481,0.81931112365895,0.0245623941276115,0.572110286320255,0.36797454931071,0.00371155885471898,0.488069414316703,41.9,0.727272727272727,0.0203115756261092,0.139420232695721,0.113981463222244,0.21534214158943,0.763520678685048,0.323435843054083,48594,0.0918997457319288,0.0947857720291027,0.143160127253446,"2014",2014,6
"1218",6085506803,8357.995,0.799253421816674,0.0332157554379777,0.0443729903536977,0.822722400857449,0.0147909967845659,0.645500420521447,0.477291841883936,0.00462573591253154,0.481768707482993,38.8,0.626122448979592,0.0495238095238095,0.228299319727891,0.104489795918367,0.211972789115646,0.734650967199327,0.342304457527334,44417,0.0779804388051811,0.105119080208048,0.216989066442389,"2014",2014,6
"1219",6085506804,6128.195,0.963784183296378,0.0352250489236791,0.0213623538895607,0.937928254735994,0.0386940749697703,0.74402467232074,0.43639167309175,0,0.488352973417375,43.3,0.762948753083036,0,0.178405042477391,0.0674157303370786,0.167991230474102,0.855050115651503,0.527370855821126,62857,0.0546642899584076,0.0416552480131543,0.286044718581342,"2014",2014,6
"1220",6085506900,2015.348,0.866331297161337,0.0167949615115465,0.0503388189738625,0.882865440464666,0.0485963213939981,0.627487103905674,0.354826823876198,0,0.482848161814951,45,0.825611589449228,0.002186688533552,0.11616782834495,0.0560338936722701,0.198578652453191,0.794767870302137,0.529845246868091,66468,0.0749063670411985,0.0815059991725279,0.258290346352248,"2014",2014,1
"1221",6085507001,1489.402,0.669908635425877,0.0251271313191744,0.0151034868543726,0.933805705761701,0.0516501957859407,0.544792655903767,0.236467236467236,0.00379867046533713,0.47252265419468,49.2,0.903975445776089,0.00365390236772873,0.0619701841566793,0.0409237065185618,0.145425314235604,0.666983222538778,0.443178220955999,101021,0.0395302205671727,0.0594833948339483,0.344412788857233,"2014",2014,1
"1222",6085507002,570.159,0.907942238267148,0.031390134529148,0.0474217311233886,0.892725598526704,0.0566298342541436,0.758454106280193,0.386473429951691,0,0.542,45.7,0.815,0.0243333333333333,0.0886666666666667,0.0503333333333333,0.182666666666667,0.824154589371981,0.552657004830918,78212,0.0479887085391673,0.0941373534338358,0.511111111111111,"2014",2014,1
"1223",6085507100,4447.209,0.450284090909091,0.0533151059466849,0.00622083981337481,0.923276308968377,0.0456194919647486,0.33811320754717,0.310188679245283,0,0.458257382427999,41.2,0.843966460080204,0.031352533722202,0.0605176813707619,0.0583302952971199,0.122858184469559,0.333584905660377,0.270188679245283,66343,0.0693384223918575,0.142909223477944,0.210566037735849,"2014",2014,1
"1224",6085507203,4476.031,0.605196982397318,0.0229276895943563,0.0232770424463715,0.853035143769968,0.0442720219078047,0.477493380406002,0.363636363636364,0,0.582692307692308,43.6,0.721794871794872,0,0.2,0.0278846153846154,0.205128205128205,0.531332744924978,0.377758164165931,58350,0.0591814159292035,0.0562197092084006,0.240070609002648,"2014",2014,6
"1225",6085507205,3468.835,0.88681204569055,0,0.00172364263142775,0.918126975007182,0.0284401034185579,0.610691144708423,0.289416846652268,0,0.479913137893594,49.4,0.857111834961998,0,0.119218241042345,0.0306188925081433,0.228881650380022,0.879589632829374,0.501079913606911,75394,0.0462839341344014,0.092942453854506,0.365550755939525,"2014",2014,1
"1226",6085507206,2385.633,0.984877126654064,0.00424448217317487,0.0106007067137809,0.91670873296315,0.0731953558808682,0.783073929961089,0.394941634241245,0,0.498450946643718,45.9,0.834767641996558,0.00757314974182444,0.135628227194492,0.0399311531841652,0.14526678141136,0.892023346303502,0.52431906614786,96367,0.0325732899022801,0.0774526678141136,0.497081712062257,"2014",2014,1
"1227",6085507301,2156.812,0.838912957857424,0.0279503105590062,0.0272709436923681,0.899941141848146,0.0539533058661958,0.716679968076616,0.360335195530726,0,0.446249470264162,48.9,0.532702359090267,0.00353157225596836,0.41743184065546,0.0484531713518859,0.347789235767764,0.819233838786911,0.574620909816441,89794,0.0766331658291457,0.0700901158632528,0.434557063048683,"2014",2014,1
"1228",6085507302,596.7749,0.83910196445276,0.044559585492228,0.0265848670756646,0.905419222903885,0.0455010224948875,0.684804928131417,0.320328542094456,0,0.477264459803565,48.2,0.682793743179338,0,0.256456893415788,0.0622044379774463,0.274645325572936,0.776180698151951,0.54517453798768,78815,0.0750950570342205,0.112565445026178,0.370636550308008,"2014",2014,1
"1229",6085507401,4388.658,0.985331310065756,0.0176991150442478,0.024077868852459,0.934170081967213,0.0617315573770492,0.778187565858799,0.438356164383562,0,0.5137899543379,47,0.410045662100457,0.00675799086757991,0.544474885844749,0.0126027397260274,0.399452054794521,0.912539515279241,0.633825079030559,72869,0.0445682451253482,0.0392765801972963,0.406217070600632,"2014",2014,1
"1230",6085507402,4438.821,0.917861799217731,0.0096051227321238,0.0275491949910555,0.909838998211091,0.067262969588551,0.724409448818898,0.390121689334288,0.00501073729420186,0.474576271186441,44.2,0.627118644067797,0.00348953140578265,0.344715852442672,0.0633100697906281,0.361665004985045,0.827487473156765,0.431639226914817,63558,0.0712542703757931,0.109920239282154,0.355762347888332,"2014",2014,1
"1231",6085507500,3980.335,0.96003851709196,0.00333611342785655,0,0.961833893422948,0.0489678348535766,0.817540322580645,0.383064516129032,0,0.494736842105263,48.6,0.381929824561404,0,0.57719298245614,0.00771929824561404,0.400877192982456,0.926915322580645,0.67741935483871,71614,0.0796591330122268,0.0578947368421053,0.407762096774194,"2014",2014,1
"1232",6085507600,1087.401,0.923796166432913,0.00733197556008147,0.00891181988742964,0.945590994371482,0.0555816135084428,0.802475247524753,0.386633663366337,0.00792079207920792,0.512015104703055,48.6,0.528664606934432,0.00909715070374185,0.429282526604875,0.0310676278750429,0.419842087195331,0.869306930693069,0.609405940594059,86075,0.0445359281437126,0.0611436445056838,0.554455445544555,"2014",2014,1
"1233",6085507701,3840.721,0.964038727524205,0.0160458452722063,0.0299445471349353,0.910166358595194,0.0798521256931608,0.706883789785344,0.453737971872687,0,0.5019166879632,44.8,0.327114745719397,0,0.644262714030156,0.0431893687707641,0.443138257091745,0.809770540340489,0.518874907475944,63855,0.0666319625195211,0.0950677229746997,0.390081421169504,"2014",2014,10
"1234",6085507702,2322.711,1,0.031292984869326,0.0172020725388601,0.928497409326425,0.0889119170984456,0.769480519480519,0.474489795918367,0.00556586270871985,0.54655346092963,45.2,0.308533601957116,0,0.638653043603396,0.0260469132249244,0.428838681824723,0.905844155844156,0.619202226345083,60769,0.0930589680589681,0.0389984170384228,0.443877551020408,"2014",2014,10
"1235",6085507703,3162.571,0.779543883897719,0.0416922133660331,0.038474930362117,0.908077994428969,0.0604108635097493,0.668945663907881,0.429650953580425,0,0.467545511613308,44,0.395731324544884,0.00138104205900816,0.56271186440678,0.013308223477715,0.469303201506591,0.605613530046779,0.535084562792371,62516,0.0736455981941309,0.0638985900918381,0.291471752428931,"2014",2014,10
"1236",6085507805,7298.206,0.439407149084568,0.0777499104263705,0.0518593473311409,0.878573235517329,0.054136099165191,0.576518958428506,0.460027409776153,0,0.484863689580197,36.2,0.376149857835758,0.0316106372303061,0.539889613647767,0.0794447231978592,0.43870212410102,0.391502969392417,0.403380539058931,56918,0.115069356872636,0.128784077604951,0.281863864778438,"2014",2014,6
"1237",6085507806,7588.972,0.334757834757835,0.0719424460431655,0.0286204922724671,0.931310818546079,0.0935890097309674,0.726486486486487,0.603243243243243,0.00540540540540541,0.489766346676327,37.1,0.181126607498642,0.0135844955623981,0.779931171889151,0.0143090019923927,0.612570186560406,0.331351351351351,0.392972972972973,50638,0.0869565217391304,0.069733743886977,0.207567567567568,"2014",2014,6
"1238",6085507807,7980.016,0.773444753946147,0.0357142857142857,0.02734375,0.90185546875,0.08056640625,0.689163498098859,0.48384030418251,0,0.482096354166667,41.8,0.222005208333333,0,0.759765625,0.0068359375,0.541015625,0.698669201520912,0.368821292775665,54702,0.0820948336871904,0.0947265625,0.269011406844106,"2014",2014,10
"1239",6085507808,8658.963,0.870477189302569,0.0324799388612916,0.0173441734417344,0.919512195121951,0.0634146341463415,0.748924731182796,0.541935483870968,0,0.438716465018411,42.4,0.243380676836753,0.00596177450464668,0.722602139224969,0.0101700859196914,0.54427494301245,0.779569892473118,0.424193548387097,57962,0.0400429031104755,0.112458267439817,0.399462365591398,"2014",2014,10
"1240",6085507903,8785.299,0.959589867310012,0.0144469525959368,0.0568248388986526,0.884885764499121,0.0705916813122437,0.79247572815534,0.518810679611651,0,0.485876814437034,44.9,0.252255786582974,0.0080423695566889,0.708120831698705,0.0449195763044331,0.513338564142801,0.8125,0.540655339805825,55368,0.0832659660468876,0.0959199686151432,0.308859223300971,"2014",2014,10
"1241",6085507904,6854.071,0.979519145146928,0.0104575163398693,0.0219224283305228,0.931703204047218,0.0682967959527825,0.88159111933395,0.464384828862165,0.0194264569842738,0.526455808454035,46.1,0.262488915164056,0.0198049068873781,0.652970736033107,0.0183269287614543,0.482116464676323,0.888066604995375,0.573543015726179,58747,0.0282663316582915,0.0487732781554833,0.447733580018501,"2014",2014,10
"1242",6085507905,11555.74,0.567230632235085,0.115321252059308,0.0598802395209581,0.827784431137725,0.0687425149700599,0.649147072383587,0.54587367450438,0,0.518518518518518,38.4,0.183796296296296,0.00385802469135802,0.766975308641975,0.0484567901234568,0.556944444444444,0.478561549100968,0.326417704011065,44837,0.0513772825750542,0.155095098190815,0.191332411249424,"2014",2014,10
"1243",6085507906,8504.564,1,0.0307612095933264,0.0615771284951304,0.843229657555765,0.0725730442978322,0.796169630642955,0.480164158686731,0,0.460979260209536,44.7,0.256147102843703,0.00042762454564892,0.723754543510797,0.0228779131922172,0.516998075689545,0.86046511627907,0.558823529411765,46944,0.0648726573762614,0.0857387214026085,0.296853625170999,"2014",2014,10
"1244",6085508001,9178.742,0.583418280665987,0.0353346739442689,0.0488168436743059,0.870318613750699,0.0592509782001118,0.589236111111111,0.442361111111111,0,0.512049689440994,38.1,0.343478260869565,0.00186335403726708,0.64583850931677,0.0908074534161491,0.483726708074534,0.645138888888889,0.398958333333333,49313,0.0511715593859413,0.134285714285714,0.234375,"2014",2014,6
"1245",6085508003,7599.888,0.633838383838384,0.0332326283987915,0.029247044181705,0.821406347230865,0.0759178593652769,0.702737940026076,0.485006518904824,0,0.501707941929974,39.1,0.375747224594364,0,0.588385994876174,0.0649017933390265,0.524765157984629,0.44980443285528,0.349413298565841,39671,0.0874558303886926,0.20068317677199,0.15645371577575,"2014",2014,6
"1246",6085508004,11476.97,0.616315553563424,0.0714285714285714,0.0641587814447265,0.859681513962612,0.0673897992153243,0.645900137425561,0.487402656894182,0,0.503542749173359,36.8,0.33112895606991,0.00740040938434892,0.597543693906471,0.113367973547473,0.60148008187687,0.513971598717361,0.256985799358681,45306,0.0984117097477421,0.114412839663118,0.200641319285387,"2014",2014,6
"1247",6085508101,6506.861,0.706198347107438,0.0341257668711656,0.0283802491924319,0.908860175357637,0.053068758652515,0.69769464984776,0.522836015658982,0,0.468792299593924,38.5,0.304557076252068,0.000150398556173861,0.657241690479771,0.0297789141224244,0.484433749436005,0.616789908655937,0.506742061765985,53952,0.0524802300503235,0.0650060753341434,0.312744671596346,"2014",2014,10
"1248",6085508102,3182.333,0.462300076161462,0.0805746408494691,0.0155723905723906,0.939393939393939,0.0505050505050505,0.667724028548771,0.484536082474227,0,0.478156792339916,34.3,0.254338719329743,0,0.690604428485937,0.0155595451825254,0.542190305206463,0.448057097541634,0.31086439333862,62675,0.0693348365276212,0.0583482944344704,0.315622521808089,"2014",2014,6
"1249",6085508202,7410.624,0.702655485674354,0.0751227968795146,0.0427526720420026,0.868929308081755,0.0386274142133883,0.633979885057471,0.399784482758621,0.00466954022988506,0.503627082213864,39,0.442772702847931,0.0206878022568512,0.42423428264374,0.126679204728641,0.422890918860828,0.600933908045977,0.404813218390805,53211,0.0611979166666667,0.130920344456405,0.219468390804598,"2014",2014,6
"1250",6085508203,8462.801,0.808615049073064,0.0840606338998622,0.0268817204301075,0.903508771929825,0.0664968873797397,0.71723368655884,0.498605688789738,0,0.4920728126835,38.8,0.410647876296731,0.0101781170483461,0.525934625171266,0.0587199060481503,0.459189665296536,0.719464584495259,0.567205800334635,62221,0.0647034425549565,0.0790196078431373,0.315114333519242,"2014",2014,1
"1251",6085508204,10788.84,0.714379947229551,0.0352494577006508,0.044267053701016,0.891509433962264,0.0841799709724238,0.72551724137931,0.544827586206897,0.00413793103448276,0.499882214369847,36.7,0.387985865724382,0.0016489988221437,0.550294464075383,0.0885747938751472,0.451825677267373,0.667586206896552,0.48,51194,0.0798403193612774,0.0851466414380322,0.277931034482759,"2014",2014,10
"1252",6085508301,5585.932,0.879847425301971,0.0243128964059197,0.0329073482428115,0.9,0.0750798722044728,0.743639921722113,0.346379647749511,0,0.483169705469846,47.5,0.589294062646096,0.00771388499298738,0.357410004675082,0.0497896213183731,0.353669939223936,0.852576647097195,0.637312459230267,64581,0.0584600760456274,0.0568537701758612,0.383561643835616,"2014",2014,1
"1253",6085508303,5267.437,0.978471474703983,0.0374882849109653,0.0172222222222222,0.913888888888889,0.06,0.69967707212056,0.395048439181916,0,0.440239043824701,49,0.593625498007968,0.00438247011952191,0.362549800796813,0.0175298804780877,0.30199203187251,0.842841765339074,0.56189451022605,64402,0.0401396160558464,0.049800796812749,0.322927879440258,"2014",2014,1
"1254",6085508304,16121.73,0.358075820324944,0.0814398774572377,0.0559796437659033,0.823700472555434,0.0419847328244275,0.56467409658899,0.443093549476528,0,0.485554866707998,35.8,0.39417234965902,0.0303781773093614,0.488654680719157,0.0889026658400496,0.597892126472412,0.274907125970956,0.279972982100642,41940,0.0753582986592695,0.244761314321141,0.144545761567038,"2014",2014,6
"1255",6085508401,7274.551,0.787562765546543,0.0563027838598686,0.0833333333333333,0.790274207369323,0.0471293916023993,0.649201801064265,0.501432664756447,0.00286532951289398,0.513494318181818,38.2,0.559659090909091,0.000142045454545455,0.406392045454545,0.147159090909091,0.351420454545455,0.66189111747851,0.424887433483422,51103,0.0380952380952381,0.120386389850058,0.215309046254605,"2014",2014,1
"1256",6085508403,6192.722,0.951612903225806,0.0434153400868307,0.00508317929759704,0.906654343807763,0.0707024029574861,0.741715399610136,0.400584795321637,0,0.504599211563732,43.1,0.564060446780552,0.00788436268068331,0.31011826544021,0.0574901445466491,0.329172141918528,0.893762183235867,0.58869395711501,60592,0.0649966147596479,0.064957264957265,0.413255360623782,"2014",2014,1
"1257",6085508404,8560.479,0.65674769488684,0.0830405621207282,0.0386938045180049,0.887273540594945,0.0673227465891299,0.621495327102804,0.330501274426508,0,0.522070756247971,40.8,0.577572216812723,0,0.380882830249919,0.100616682895164,0.387374229146381,0.618946474086661,0.493627867459643,66769,0.0425022448368752,0.116520610191496,0.307986406117247,"2014",2014,1
"1258",6085508503,11595.05,0.366745682356925,0.101439790575916,0.0638342402678945,0.865215571368774,0.0751360401841775,0.560106181266591,0.383010997345468,0,0.512321265591725,34.5,0.357164587770003,0.00912686340127776,0.606936416184971,0.0789473684210526,0.568451475509583,0.257489571482746,0.359878649981039,47691,0.0669419050427602,0.1090573012939,0.14069017823284,"2014",2014,6
"1259",6085508504,16226.22,0.171004842615012,0.114097239188859,0.084314404432133,0.791031855955679,0.0271814404432133,0.490897871027461,0.262573279851898,0.0182042579450787,0.536083759192322,31.2,0.361211516888944,0.02742116415306,0.550043624579334,0.204287672940297,0.609996260750343,0.116939216291268,0.200555384140697,45610,0.1071735395189,0.226247179744297,0.0873187287874113,"2014",2014,4
"1260",6085508505,9540.961,0.492673067205659,0.0344982078853047,0.0536932660931474,0.836547018688816,0.082468110353011,0.556451612903226,0.293548387096774,0,0.513608634443923,39.3,0.484983575786016,0.00915063350539653,0.431956827780385,0.100187705302675,0.448850305021117,0.562903225806452,0.420967741935484,66586,0.089913995308835,0.117081182543407,0.266129032258065,"2014",2014,6
"1261",6085508507,20391.39,0.205594405594406,0.0740298507462687,0.0162209557211749,0.92371766768961,0.0188513809732573,0.437405731523379,0.341628959276018,0.0173453996983409,0.486229508196721,31.8,0.260655737704918,0.0249180327868852,0.623934426229508,0.0931147540983607,0.606885245901639,0.273755656108597,0.35369532428356,48125,0.0786632390745501,0.195737704918033,0.0746606334841629,"2014",2014,4
"1262",6085508508,13529.69,0.432498772704958,0.0893767150137201,0.0869109947643979,0.803926701570681,0.0450261780104712,0.559873949579832,0.410189075630252,0.0283613445378151,0.505118829981718,37.8,0.460877513711152,0.023217550274223,0.409323583180987,0.185740402193784,0.456855575868373,0.474264705882353,0.356617647058824,44004,0.111148763131142,0.196892138939671,0.191176470588235,"2014",2014,6
"1263",6085508601,7181.504,0.852713178294574,0.100632547441058,0.0694067468010857,0.808065141527724,0.04575416828228,0.596927578639356,0.367959034381858,0.00950987564008778,0.485245901639344,39.8,0.533060109289617,0.0243169398907104,0.290437158469945,0.21775956284153,0.33224043715847,0.594732991953182,0.425018288222385,47642,0.072478459199189,0.176502732240437,0.191660570592538,"2014",2014,6
"1264",6085508602,9177.922,0.489838457529964,0.153812824956672,0.0733555622916035,0.797514398302516,0.0354652925128827,0.504994450610433,0.411209766925638,0,0.525152599452747,33.4,0.687013260366239,0.0288360345190486,0.207114291728057,0.207114291728057,0.341191328141444,0.286903440621532,0.189234184239734,42194,0.102427921092564,0.137444748474005,0.109877913429523,"2014",2014,6
"1265",6085508703,13681.88,0.354592615196826,0.081534221405604,0.0555153707052441,0.8750452079566,0.02875226039783,0.48624723363895,0.353461903256402,0.0211824217515017,0.497385620915033,33.3,0.363529411764706,0.0203921568627451,0.526274509803922,0.123398692810458,0.512679738562091,0.41100221308884,0.295921593423965,53114,0.0582503706841771,0.159607843137255,0.17862788491938,"2014",2014,6
"1266",6085508704,2370.158,0.310290027810886,0.0774071743234739,0.0602579132473623,0.800468933177022,0.0452520515826495,0.469979296066253,0.229399585921325,0,0.536709783202769,34.3,0.435416287119694,0.031517580615777,0.496629622882128,0.209327746401895,0.492803789396976,0.252587991718426,0.253416149068323,50335,0.0955717488789238,0.168736303871439,0.135817805383023,"2014",2014,6
"1267",6085508800,15737.11,0.393311036789298,0.0969755160825732,0.152584670231729,0.692691622103387,0.0203208556149733,0.522903453136011,0.408738548273432,0,0.496448863636364,29.9,0.540246212121212,0.0255681818181818,0.292140151515151,0.42874053030303,0.458806818181818,0.228329809725159,0.219168428470754,39604,0.0652659812248547,0.343297746144721,0.156448202959831,"2014",2014,6
"1268",6085508900,16768.98,0.52754590984975,0.0428192497158014,0.18947963800905,0.608880090497738,0.0302601809954751,0.506410256410256,0.469114219114219,0,0.491447925486876,28.7,0.398645215918713,0.0152413209144793,0.283657917019475,0.390855207451312,0.353429297205758,0.407342657342657,0.20979020979021,28125,0.142223630028508,0.368162574089754,0.0652680652680653,"2014",2014,6
"1269",6085509000,14122.4,0.463292117465224,0.0571075401730532,0.263432547352145,0.531117124081948,0.0212601468882876,0.457932692307692,0.47275641025641,0,0.500119246362986,30.1,0.632124970188409,0.0407822561411877,0.177080849034104,0.505127593608395,0.470903887431433,0.407051282051282,0.223557692307692,29393,0.0895325872284398,0.356669478250392,0.0645032051282051,"2014",2014,6
"1270",6085509102,4076.093,0.228251507321275,0.13069586718474,0.0281616688396349,0.905345501955671,0.132203389830508,0.52977503308337,0.304367004852228,0,0.525714285714286,32.5,0.34530612244898,0.0320408163265306,0.562448979591837,0.0955102040816326,0.521836734693878,0.367445963828849,0.295544772827525,63149,0.0615635179153094,0.0493877551020408,0.166299073665637,"2014",2014,9
"1271",6085509105,11811.46,0.257747775391224,0.0916955017301038,0.0705386588493954,0.820630267497252,0.0643092707951631,0.485586162716208,0.304612427930814,0,0.544062887877534,35.2,0.534546959040132,0.0495104123569163,0.341883878085781,0.267825127568611,0.466556337056958,0.333440102498398,0.256566303651505,49158,0.0805413800754382,0.205490848585691,0.166559897501602,"2014",2014,6
"1272",6085509106,11518.7,0.368392070484582,0.0588480801335559,0.0829145728643216,0.801507537688442,0.0314070351758794,0.510969976905312,0.344688221709007,0.0178983833718245,0.502283105022831,34.6,0.482191780821918,0.0317351598173516,0.401369863013699,0.220776255707763,0.454566210045662,0.315819861431871,0.315819861431871,49954,0.0759301442672741,0.165670955882353,0.170900692840647,"2014",2014,6
"1273",6085509107,28443.99,0.0336633663366337,0.0928208846990573,0.119808783985659,0.765461607409621,0.0355542276665671,0.364446775039329,0.318300996329313,0,0.556225316981916,29.3,0.516940345042611,0.0124714196632717,0.420910413635419,0.191644148825608,0.567657451673249,0.0152071316203461,0.203460933403251,41798,0.0466847090663058,0.323217626273124,0.0886208704771893,"2014",2014,4
"1274",6085509108,5266.808,0.345063538611926,0.0954483695652174,0.131479872574573,0.760787720822473,0.0324355632783087,0.352821555668531,0.2755465175394,0.00864260294865277,0.50244837130083,35.6,0.66467958271237,0.00702576112412178,0.258249946774537,0.309985096870343,0.450500319352778,0.316217590238943,0.25063548551093,51113,0.0728872133207666,0.253566106025122,0.122521606507372,"2014",2014,6
"1275",6085509109,5380.6,0.51012987012987,0.110614525139665,0.029479200786112,0.897805437274812,0.0992466426465771,0.467595072308516,0.272094268880557,0.0101767541510445,0.543093541714548,34.3,0.571822569524247,0.00183865777982073,0.351643300390715,0.115835440128706,0.379682831532981,0.500267809319764,0.420460632029995,76525,0.04890560875513,0.117836593785961,0.267809319764328,"2014",2014,1
"1276",6085509201,7418.185,0.351351351351351,0.199450333725952,0.0569873997709049,0.896620847651776,0.0684421534936999,0.398773006134969,0.168003775365739,0.0127418593676262,0.537696219323458,35.1,0.62259562237453,0.011938978554057,0.273491045766084,0.13464514702631,0.361927923944285,0.495988673902784,0.358659745162813,57768,0.132902787219579,0.133981870439973,0.189712128362435,"2014",2014,1
"1277",6085509202,7788.815,0.554973821989529,0.0723201174743025,0.0533149171270718,0.811878453038674,0.0624309392265193,0.457653866386113,0.233561283534982,0.00210415570752236,0.541843670348343,38.8,0.561172472387426,0.0112574341546304,0.360875106202209,0.184154630416313,0.415463041631266,0.479221462388217,0.343503419253025,55238,0.0484764542936288,0.158241291418862,0.192004208311415,"2014",2014,1
"1278",6085509302,8012.379,0.762779552715655,0.108957219251337,0.0411378555798687,0.824070021881838,0.0420131291028446,0.551890587288817,0.36283185840708,0.0080450522928399,0.501841620626151,40.7,0.759975445058318,0.0184162062615101,0.148250460405157,0.174340085942296,0.309085328422345,0.632341110217216,0.387771520514883,50598,0.0906449738524114,0.153988868274583,0.189058728881738,"2014",2014,6
"1279",6085509303,15817.8,0.252707581227437,0.0904645476772616,0.0725331369661267,0.78939617083947,0.0393961708394698,0.362351611079706,0.175240248728095,0,0.477590636597202,36.3,0.596060519554667,0.0296888381387382,0.274621752783329,0.19411932629175,0.453325720810734,0.202939513849633,0.310344827586207,41296,0.0676650027731558,0.325149871538681,0.0689655172413793,"2014",2014,6
"1280",6085509304,5099.189,0.43622641509434,0.143702906350915,0.0648312611012433,0.801509769094139,0.0737122557726465,0.396538158929976,0.282454760031471,0,0.57896450667535,33.5,0.453923803321394,0.0234451318788668,0.323998697492673,0.206121784435037,0.367307066102247,0.442958300550747,0.280881195908733,60511,0.0780246913580247,0.24226636274829,0.237608182533438,"2014",2014,6
"1281",6085509401,12813.33,0.193492155723417,0.189777327935223,0.0460772104607721,0.887090078870901,0.211706102117061,0.3725,0.23625,0.00625,0.525022747952684,32.6,0.470427661510464,0.0251744009705793,0.470730967546254,0.0694570821959357,0.457385501971489,0.1975,0.343125,53577,0.0394990366088632,0.177203647416413,0.14375,"2014",2014,9
"1282",6085509403,22710.73,0.0272517321016166,0.252032520325203,0.0984947643979058,0.720876963350785,0.0726439790575916,0.373263057019645,0.288931480594154,0.0052707235265932,0.531629116117851,29.7,0.639081455805893,0.0459272097053726,0.164644714038128,0.382798960138648,0.472053726169844,0.114518447532343,0.142788691902252,38402,0.0700636942675159,0.350953206239168,0.0594154288452324,"2014",2014,4
"1283",6085509404,16059.95,0.306730415593968,0.204316972205795,0.1495451519858,0.787219880186377,0.0685600177501664,0.45146894756415,0.302714763852733,0,0.509698275862069,32.7,0.446274630541872,0.0204741379310345,0.294796798029557,0.300954433497537,0.496459359605911,0.388992190405355,0.246931944960952,51007,0.0960976904698699,0.300646551724138,0.185570844179993,"2014",2014,6
"1284",6085509500,13963.62,0.320115654688145,0.157962604771115,0.12636789994789,0.754559666492965,0.0724335591453882,0.344067048963388,0.262020291133657,0.0176444640494045,0.508104033169996,34,0.646437994722955,0.0190350546551074,0.24934036939314,0.317188088955899,0.341877120241236,0.256726951918835,0.262020291133657,52224,0.0833088018840153,0.320957406709386,0.172915747684164,"2014",2014,6
"1285",6085509600,6680.184,0.45687134502924,0.219094922737307,0.0426320667284523,0.863299351251159,0.0648748841519926,0.427906976744186,0.185271317829457,0.00775193798449612,0.555884529977794,37.6,0.759067357512953,0.00259067357512953,0.172464840858623,0.129903774981495,0.245743893412287,0.311627906976744,0.431007751937985,76033,0.0486542443064182,0.0786933927245731,0.248837209302326,"2014",2014,1
"1286",6085509700,7382.819,0.521408839779006,0.176100628930818,0.0287737937140328,0.871181938911023,0.0694997786631253,0.400287976961843,0.262059035277178,0.0122390208783297,0.543267624457066,36.5,0.645506181089208,0.0150350818576679,0.246241229535583,0.191112596057467,0.265619779485466,0.397408207343413,0.371490280777538,64893,0.0907553551296505,0.131974607417307,0.223902087832973,"2014",2014,1
"1287",6085509801,8571.922,0.662210338680927,0.1536475145255,0.0503866300823148,0.825392866051384,0.103018209029683,0.537649219467401,0.382920110192837,0,0.513475673783689,40.9,0.665033251662583,0.0213510675533777,0.244662233111656,0.133181659082954,0.234161708085404,0.586317722681359,0.523415977961432,58913,0.0311526479750779,0.113405670283514,0.298438934802571,"2014",2014,1
"1288",6085509802,7957.707,0.692041522491349,0.116582186821144,0.0620455647115851,0.867183713039263,0.0799806107610276,0.598579040852576,0.350799289520426,0.0115452930728242,0.51639055340148,38.9,0.648572435671484,0.0419457173070144,0.248854423686993,0.188579485371872,0.319351427564328,0.605683836589698,0.451154529307282,61526,0.0619699934768428,0.112800565770863,0.274422735346359,"2014",2014,6
"1289",6085509901,3667.652,0.936813186813187,0.031331592689295,0.0329188002926116,0.901243599122165,0.106071689831748,0.671328671328671,0.395804195804196,0,0.480412371134021,45.4,0.739175257731959,0.00154639175257732,0.193814432989691,0.0407216494845361,0.224226804123711,0.843356643356643,0.495104895104895,76849,0.0389294403892944,0.0537923614846692,0.426573426573427,"2014",2014,1
"1290",6085509902,6001.788,0.750797024442083,0.0635838150289017,0.0459255110613274,0.846261551386166,0.0739288714645757,0.597514856834144,0.394381415451107,0.00810372771474878,0.486178233133578,44.2,0.695341194664605,0.0040595399188092,0.217282041368645,0.093756040982022,0.261936980475546,0.671528903295516,0.46677471636953,62576,0.0661257606490872,0.163297661514071,0.340896812533766,"2014",2014,1
"1291",6085510001,4460.088,0.987540378403323,0.0427570954662735,0.0138888888888889,0.916898148148148,0.069212962962963,0.776649746192893,0.425934471619751,0.00599907706506691,0.463958060288336,47.4,0.720511140235911,0.00442332896461337,0.228374836173001,0.0450524246395806,0.222477064220183,0.950622981079834,0.628057221965851,85660,0.0650570087189806,0.0355997975366965,0.421781264420858,"2014",2014,1
"1292",6085510002,5258.466,0.961792799412197,0.0237154150197628,0.0136986301369863,0.947869101978691,0.0707762557077626,0.740377358490566,0.42188679245283,0,0.534419337887546,43.9,0.671308460325801,0.0023646873357856,0.282974251182344,0.0336311087756174,0.251707829742512,0.809811320754717,0.56377358490566,69808,0.0880428316478287,0.110437532946758,0.393207547169811,"2014",2014,1
"1293",6085510100,4050.221,0.946584938704028,0.0669260700389105,0.0055793991416309,0.948068669527897,0.0978540772532189,0.755877034358047,0.357142857142857,0,0.453831658291457,48.9,0.704773869346734,0,0.228329145728643,0.0339195979899497,0.213881909547739,0.951175406871609,0.698915009041591,86091,0.0457564575645756,0.064963733837906,0.370705244122966,"2014",2014,1
"1294",6085510200,4207.403,1,0.0533256880733945,0.00442327322218442,0.959510037427696,0.0854031983667914,0.724324324324324,0.422297297297297,0.00608108108108108,0.491780504746469,45.9,0.709886547811994,0.0351933317897661,0.183144246353323,0.0310257003936096,0.214864551979625,0.937837837837838,0.622972972972973,75552,0.0522151898734177,0.0342671914795091,0.433783783783784,"2014",2014,1
"1295",6085510300,4776.789,0.76120218579235,0.128504672897196,0.0119363395225464,0.959549071618037,0.0679708222811671,0.645256334708309,0.375368296994697,0,0.469292076887014,44.8,0.743553680262541,0,0.222222222222222,0.0114861697140178,0.245194561650258,0.78491455509723,0.643488509133765,96821,0.0363830925628678,0.0532114392873887,0.410135533294048,"2014",2014,1
"1296",6085510400,4945.759,0.91864406779661,0.0879332477535302,0.0127416520210896,0.952548330404218,0.0949033391915641,0.743634767339772,0.417032484635645,0,0.490165949600492,45.2,0.653349723417333,0,0.264290104486785,0.0660725261216964,0.219114935464044,0.863915715539947,0.695346795434592,85042,0.0358662613981763,0.0491702519975415,0.490781387181738,"2014",2014,1
"1297",6085510500,4704.57,0.775136206042595,0.149557060969255,0.0190987764846315,0.912563413906297,0.0686362279916443,0.604286461055933,0.321484579194982,0,0.488312792180196,48.7,0.689545261368466,0.000212494687632809,0.250318742031449,0.0461113472163196,0.222269443263918,0.769994772608468,0.614218504966022,97274,0.0353114271701815,0.0498710232158212,0.387872451646628,"2014",2014,1
"1298",6085510600,7967.472,0.578439259855189,0.187640811071773,0.0822481151473612,0.820424948594928,0.102353209961161,0.652229845626072,0.364065180102916,0.00471698113207547,0.490456821026283,40.8,0.583385481852315,0,0.349342928660826,0.188047559449312,0.393929912390488,0.621355060034305,0.482418524871355,59500,0.0666866927005107,0.23075719649562,0.277873070325901,"2014",2014,1
"1299",6085510700,9089.396,0.490530303030303,0.207425919314531,0.0312243221035333,0.886606409202958,0.136127088468913,0.45166015625,0.37060546875,0,0.540983606557377,37.6,0.472842188425834,0.0418724076634407,0.401343077226941,0.0928303377444203,0.392060043452499,0.41650390625,0.474609375,59970,0.0475234270414993,0.162946869444993,0.2490234375,"2014",2014,1
"1300",6085510801,6655.386,0.715802888700085,0.0973282442748092,0.00918570009930487,0.970456802383317,0.138530287984111,0.746411483253589,0.426794258373206,0.0105263157894737,0.50478045325779,42,0.540368271954674,0.00141643059490085,0.422096317280453,0.039128895184136,0.378541076487252,0.779904306220096,0.630622009569378,80146,0.047602380119006,0.020368402408785,0.403349282296651,"2014",2014,1
"1301",6085510802,5488.384,0.918620689655172,0.113230035756853,0.0141369047619048,0.90327380952381,0.154761904761905,0.66951566951567,0.457264957264957,0.00854700854700855,0.485858585858586,44.4,0.669191919191919,0.0116161616161616,0.256060606060606,0.0636363636363636,0.321717171717172,0.849002849002849,0.606837606837607,79027,0.0534934497816594,0.0415821501014199,0.462962962962963,"2014",2014,1
"1302",6085510803,6554.575,0.731203007518797,0.0996621621621622,0.0259955752212389,0.896570796460177,0.1875,0.578440808469682,0.342637151106834,0,0.48849005072181,44.6,0.536870854467421,0.0101443620756925,0.367928209129926,0.0632071790870074,0.355833008193523,0.622714148219442,0.524542829643888,59963,0.0638132295719844,0.170503316426063,0.253128007699711,"2014",2014,1
"1303",6085510900,8525.044,0.79818268770923,0.179878048780488,0.0381760339342524,0.939289501590668,0.17152704135737,0.639175257731959,0.339224349533628,0,0.480970766685052,42.3,0.546423974995404,0.00643500643500643,0.339584482441625,0.0704173561316419,0.36036036036036,0.616593028964163,0.540009818360334,74510,0.0932260228034876,0.117668689097261,0.325478645066274,"2014",2014,1
"1304",6085511000,8922.527,0.6936,0.144138160079708,0.0379853095487933,0.897376705141658,0.103672612801679,0.639458572600492,0.447087776866284,0,0.509623797025372,38.5,0.554097404491105,0.02639253426655,0.34281131525226,0.0818022747156605,0.31525226013415,0.575061525840853,0.404840032813782,55043,0.0936207914943887,0.0864809683535074,0.302296964725185,"2014",2014,1
"1305",6085511100,6574.068,0.996402877697842,0.111302105715514,0.00981432360742706,0.953846153846154,0.154907161803714,0.732364028002154,0.449111470113086,0.00430802369413032,0.493180186647523,44.5,0.635319454414932,0.00664034458004307,0.323223259152907,0.0656855707106963,0.263639626704953,0.839526117393646,0.617124394184168,74801,0.0473914774990044,0.0897343862167983,0.469036079698438,"2014",2014,1
"1306",6085511200,6530.574,0.91235710397387,0.134107285828663,0.0093622001170275,0.976594499707431,0.146869514335869,0.678654292343387,0.44199535962877,0,0.545104086353123,40.5,0.745181187355436,0.0136854279105628,0.182729375481881,0.0343099460292984,0.205281418658443,0.817285382830626,0.658932714617169,104251,0.0553672316384181,0.038550501156515,0.524361948955916,"2014",2014,1
"1307",6085511301,9823.476,0.392857142857143,0.240844196151459,0.0210144927536232,0.917028985507246,0.153623188405797,0.397313933967543,0.284834918858422,0,0.491570778699492,42.6,0.762108643296762,0.0211399518330211,0.14958522879315,0.0805458924270805,0.248862724110249,0.407386681589256,0.440402909904868,94021,0.060968660968661,0.160470202296337,0.305540011191942,"2014",2014,1
"1308",6085511302,10619.81,0.301011804384486,0.388468809073724,0.0121915820029028,0.875761973875181,0.105660377358491,0.315789473684211,0.133153396311291,0.0107962213225371,0.474889217134417,37,0.708271787296898,0.00270802560315116,0.261447562776957,0.0733628754308223,0.328655834564254,0.255960413855151,0.408457040035987,84035,0.0398657154846832,0.196028513238289,0.226720647773279,"2014",2014,9
"1309",6085511400,5744.071,0.908236994219653,0.0998677248677249,0,0.957357859531773,0.0999163879598662,0.637984496124031,0.387596899224806,0.00542635658914729,0.440727699530516,45.9,0.762323943661972,0.0240610328638498,0.188673708920188,0.0674882629107981,0.236795774647887,0.671317829457364,0.541085271317829,100841,0.0506715506715507,0.0792253521126761,0.468217054263566,"2014",2014,1
"1310",6085511500,5414.671,0.594669972110319,0.438156209987196,0.0116779348494161,0.945502970702725,0.249539028887523,0.481867024848892,0.3354600402955,0.00436534586971122,0.488821672803787,34.6,0.70515518148343,0.0288006312467123,0.190426091530773,0.088374539715939,0.279063650710153,0.460040295500336,0.544660846205507,69904,0.0212870075850257,0.08262024195928,0.305574210879785,"2014",2014,1
"1311",6085511608,3033.775,0.307692307692308,0.699007717750827,0.101123595505618,0.752808988764045,0.123595505617978,0,0.0615384615384615,0,0.610222531293463,19.9,0.522948539638387,0.0744089012517385,0.252433936022253,0.160987482614743,0.142906815020862,0,0.430769230769231,7525,0.0590030518819939,0.355140186915888,0,"2014",2014,4
"1312",6085511609,5443.419,0.0225721784776903,0.391419141914191,0.0128705148205928,0.9301872074883,0.186817472698908,0.347557551937114,0.188658057271196,0.00505334081976418,0.501233806292412,37.2,0.698334361505244,0.0293028994447872,0.2347316471314,0.0487353485502776,0.352251696483652,0.109489051094891,0.425603593486805,77246,0.0218886804252658,0.150684931506849,0.195957327344189,"2014",2014,9
"1313",6085511701,1173.733,1,0.109959700633276,0.011760752688172,0.961021505376344,0.110215053763441,0.784182305630027,0.355898123324397,0,0.479923518164436,48.8,0.697179732313576,0.000239005736137667,0.285611854684512,0.0310707456978968,0.284655831739962,0.866621983914209,0.658847184986595,116366,0.0528898582333697,0.0523422562141491,0.518766756032172,"2014",2014,1
"1314",6085511702,3026.628,1,0.0252764612954186,0.0104314841156946,0.949265054528212,0.0886676149834045,0.807192807192807,0.401598401598402,0.00899100899100899,0.485535831689678,46.1,0.716962524654832,0.00164365548980934,0.223208415516108,0.022353714661407,0.277449046679816,0.889110889110889,0.66033966033966,98976,0.034324942791762,0.0614727153188692,0.544455544455544,"2014",2014,1
"1315",6085511704,792.4108,1,0.00391061452513967,0.0208392002252887,0.942551393973529,0.137426077161363,0.763203714451538,0.278583865351132,0,0.508955223880597,51.3,0.667377398720682,0,0.284221748400853,0.0236673773987207,0.366311300639659,0.911781775972142,0.65351131746953,129103,0.0478443743427971,0.0750160290660398,0.556587347649449,"2014",2014,1
"1316",6085511705,191.6369,0.959876543209877,0.0640243902439024,0.0481927710843374,0.843373493975904,0.0903614457831325,0.641975308641975,0.305555555555556,0,0.514754098360656,51.3,0.698360655737705,0.0087431693989071,0.225136612021858,0.0710382513661202,0.219672131147541,0.885802469135803,0.580246913580247,72099,0.0492753623188406,0.0716019417475728,0.419753086419753,"2014",2014,1
"1317",6085511707,65.65813,0.763664357197845,0.00892857142857143,0.0222117202268431,0.937618147448015,0.0661625708884688,0.672872340425532,0.335106382978723,0,0.452389257063132,50,0.772933379839554,0.0038367631670736,0.160446459713987,0.13498430415068,0.207185211021974,0.833333333333333,0.721631205673759,93643,0.0631672597864769,0.0840787119856887,0.379432624113475,"2014",2014,1
"1318",6085511800,85.20642,0.957435046987286,0.0043859649122807,0.0176782557454331,0.88450206246317,0.0332940483205657,0.596821659799882,0.311948204826368,0.0217775161859918,0.488270116202587,45.6,0.874588905941679,0.00482350361762771,0.0339837754878316,0.0328875246656435,0.0824380618285464,0.773396115361978,0.409064155385521,57616,0.0406470344255496,0.115063680281072,0.243084167157151,"2014",2014,1
"1319",6085511905,5997.01,0.975138121546961,0.0703812316715543,0.0932692307692308,0.812980769230769,0.0471153846153846,0.704280155642023,0.403696498054475,0,0.457221081451061,44.7,0.601642710472279,0.012662559890486,0.342231348391513,0.094113620807666,0.28952772073922,0.857003891050584,0.365758754863813,48985,0.0625,0.094798083504449,0.250972762645914,"2014",2014,6
"1320",6085511907,6129.643,0.994826311899483,0.0146726862302483,0.0288637194008038,0.892948483741323,0.0303251735476799,0.824833702882483,0.515890613451589,0,0.495261239368165,41.4,0.618226002430134,0.0102065613608748,0.349696233292831,0.11494532199271,0.311057108140948,0.825572801182557,0.42719881744272,50489,0.0347593582887701,0.0597812879708384,0.211382113821138,"2014",2014,6
"1321",6085511909,929.2264,0.994801336799109,0.0148568341437061,0.0257518458490906,0.907617504051864,0.0716729695660004,0.783512810991459,0.45673969550687,0,0.485254376688991,44.1,0.532487369286805,0,0.410645047585478,0.062037363412055,0.425096933380331,0.907166728555514,0.505012996658002,62793,0.0768851651059635,0.0251853595386607,0.383215744522837,"2014",2014,1
"1322",6085511910,3675.789,1,0.0402730375426621,0.0252757352941176,0.903033088235294,0.0257352941176471,0.807101727447217,0.391554702495202,0,0.503563681437868,47.2,0.748992872637124,0.00371862410907964,0.207933064766037,0.0254105980787109,0.20266501394484,0.952015355086372,0.607485604606526,69323,0.0234527687296417,0.0474124573907654,0.399232245681382,"2014",2014,1
"1323",6085511911,355.4521,0.737670514165792,0.0432604735883424,0.0869207567863998,0.782561009048533,0.0244036194132163,0.57914640734738,0.298757428417072,0,0.448454636091725,44.7,0.697108673978066,0.0546360917248255,0.159521435692921,0.10568295114656,0.311665004985045,0.739059967585089,0.418692598595354,54027,0.069485140226036,0.167782511665652,0.207455429497569,"2014",2014,6
"1324",6085511912,5624.894,0.990846681922197,0.0289346777729066,0.0200868621064061,0.934039087947883,0.0711183496199783,0.796639629200463,0.443221320973349,0,0.516832800451382,43.6,0.503667481662592,0.00620650742900132,0.409253338348693,0.0336656009027647,0.369381230016927,0.876013904982619,0.501158748551564,56144,0.0726256983240224,0.0450348596193706,0.312282734646582,"2014",2014,1
"1325",6085511913,5854.376,1,0.037593984962406,0.0374781085814361,0.85183887915937,0.0175131348511384,0.814762242725337,0.462029808374734,0.0042583392476934,0.502753556677375,43.4,0.733822854520422,0,0.180357962368059,0.134694814134924,0.21431849472235,0.964513839602555,0.427963094393187,57722,0.0410958904109589,0.0310273500344748,0.346344925479063,"2014",2014,6
"1326",6085511914,5390.404,0.976934905176832,0.0419367136866184,0.018896447467876,0.886369362559839,0.0246913580246914,0.734852408078716,0.425168306576903,0,0.515141027859491,45.5,0.708427063505797,0.00138432254715349,0.202284132202803,0.109015400588337,0.253677106765876,0.879337131020197,0.504401864319006,58285,0.0680224403927069,0.078214223914172,0.33350595546349,"2014",2014,6
"1327",6085511915,8341.854,0.389723320158103,0.118375774260151,0.310314685314685,0.512674825174825,0.00480769230769231,0.452342487883683,0.444264943457189,0.0121163166397415,0.493245106148332,36,0.483319547835677,0.072511717673008,0.146126275158533,0.429004687069203,0.351254480286738,0.381260096930533,0.175282714054927,23214,0.0710659898477157,0.511615044247788,0.0783521809369952,"2014",2014,3
"1328",6085511916,6415.237,0.818879056047198,0.0442982456140351,0.0744215134459037,0.813320825515947,0.032520325203252,0.591150442477876,0.363421828908555,0,0.513864436619718,40.8,0.657130281690141,0.0224471830985916,0.219630281690141,0.142165492957746,0.274207746478873,0.697345132743363,0.328613569321534,51739,0.106829454406715,0.154764536811851,0.24306784660767,"2014",2014,6
"1329",6085512001,909.8503,0.910905550146056,0.0457280385078219,0.0432357043235704,0.824965132496513,0.0278940027894003,0.748568453930245,0.541905257678293,0.00364393545028631,0.4979815455594,35.6,0.482987312572088,0.0269607843137255,0.391868512110727,0.24062860438293,0.36058246828143,0.814679854242582,0.304528891202499,45148,0.0851851851851852,0.0995652173913043,0.248308172826653,"2014",2014,6
"1330",6085512005,7002.359,0.9212775528565,0.0124167171411266,0.0759798554850011,0.724983577841034,0.0129187650536457,0.65639374425023,0.342226310947562,0,0.526699029126214,39.9,0.614229368932039,0.0329186893203883,0.155188106796116,0.290958737864078,0.200546116504854,0.756669733210672,0.387764489420423,43197,0.0726577437858509,0.212539851222104,0.104875804967801,"2014",2014,6
"1331",6085512017,9972.281,0.781834372217275,0.0512212473322267,0.241715399610136,0.469253942938153,0.00850611376927166,0.605627306273063,0.473708487084871,0.00507380073800738,0.505472187746813,33.9,0.497010041746587,0.0301252397608033,0.353379216969423,0.500733385986686,0.468013088119147,0.533671586715867,0.10239852398524,21316,0.0974337575631129,0.426811348479711,0.0761070110701107,"2014",2014,5
"1332",6085512019,11240.8,0.697823303457106,0.0393305439330544,0.159962871287129,0.680383663366337,0.00247524752475248,0.522024983563445,0.438527284681131,0.00328731097961867,0.485793633838923,34.9,0.485580004272591,0.0348216193121128,0.283059175389874,0.333262123477889,0.318308053834651,0.61275476660092,0.252465483234714,34034,0.0501183898973954,0.148099606815203,0.0677186061801446,"2014",2014,5
"1333",6085512020,17005.53,0.250370919881306,0.0525175961017867,0.117416829745597,0.744944553163731,0.025440313111546,0.43353057199211,0.381065088757396,0,0.487261146496815,32.3,0.409959467284308,0.0444412275622467,0.412854661262305,0.342501447596989,0.399102489866821,0.207889546351085,0.207495069033531,34918,0.0980626644343458,0.204931109499637,0.0603550295857988,"2014",2014,6
"1334",6085512021,9787.397,0.755241345685032,0.0240270727580372,0.0739224656874548,0.765711533830966,0.0288947748615459,0.568540433925049,0.443293885601578,0.00542406311637081,0.469494290375204,40.1,0.50489396411093,0.031647634584013,0.340456769983687,0.157748776508972,0.314192495921697,0.873767258382643,0.296351084812623,37671,0.0948301329394387,0.252368507023848,0.167652859960552,"2014",2014,6
"1335",6085512022,14943.52,0.233718487394958,0.0606756313545425,0.20751677852349,0.55006711409396,0.00214765100671141,0.431192660550459,0.41446303291959,0,0.470982891647098,31,0.566588393156659,0.0461254612546125,0.261153975176115,0.480207983898021,0.347366655484737,0.528332433890988,0.12790070156503,23806,0.0651712640193998,0.35862768294744,0.0167296276308689,"2014",2014,5
"1336",6085512023,16132.07,0.43962543124692,0.0532484929671802,0.190717299578059,0.616315049226442,0.00590717299578059,0.497691123653155,0.454592098512057,0.00974858902001026,0.440798376184033,31.2,0.531630581867388,0.0825439783491204,0.13075101488498,0.49712449255751,0.313768606224628,0.499230374551052,0.134427911749615,27229,0.0516287645974186,0.337906504065041,0.0179579271421242,"2014",2014,5
"1337",6085512024,7081.379,0.645496535796767,0.0741246020918599,0.101746138347884,0.718938885157824,0.0120886501007388,0.498745294855709,0.385821831869511,0,0.510887004354802,35.2,0.573458629383452,0.0446940178776071,0.181526472610589,0.230346092138437,0.25303690121476,0.59159347553325,0.31555834378921,36230,0.0727642276422764,0.22227335480902,0.121706398996236,"2014",2014,6
"1338",6085512025,6316.719,0.875113947128532,0.0344444444444444,0.0519656574785359,0.787618617261636,0.0293718933574333,0.771321462043112,0.385192127460169,0.00656044985941893,0.463489153681638,41.1,0.631530705774519,0.0311640696608616,0.204705163458601,0.245035135960892,0.195539260617171,0.786316776007498,0.375820056232427,50373,0.0645325203252032,0.138099602810877,0.326148078725398,"2014",2014,1
"1339",6085512026,4754.803,0.81140350877193,0.0420517560073937,0.160130718954248,0.655773420479303,0.00435729847494553,0.500376789751319,0.409947249434815,0.0052750565184627,0.460705289672544,40.1,0.529974811083123,0.045088161209068,0.252392947103275,0.342821158690176,0.309571788413098,0.745290128108515,0.252449133383572,32843,0.0504607283896446,0.273095418881296,0.092690278824416,"2014",2014,5
"1340",6085512027,6629.672,0.458072590738423,0.054093567251462,0.138620459846718,0.65944685104965,0.00266577807397534,0.470742932281394,0.325443786982249,0.00657462195923734,0.495136637332098,37.5,0.639416396479852,0.0296433534043539,0.191060676239,0.315886984715146,0.304770727188513,0.345167652859961,0.270874424720579,33260,0.120016785564415,0.275773795671399,0.0762656147271532,"2014",2014,6
"1341",6085512029,8969.008,0.881136950904393,0.036979969183359,0.14498933901919,0.7,0.0070362473347548,0.531168831168831,0.327705627705628,0.0112554112554113,0.460670822202434,38.4,0.626447016918967,0.0253784505788068,0.136984268328881,0.268774116948649,0.210596616206589,0.850649350649351,0.332900432900433,44837,0.0497345627270187,0.0916245916245916,0.106060606060606,"2014",2014,6
"1342",6085512030,6177.777,1,0.0376661742983752,0.0587956377430062,0.769559032716927,0.0241820768136558,0.714572864321608,0.35678391959799,0.00804020100502513,0.512136752136752,43.5,0.668034188034188,0.0215384615384615,0.210598290598291,0.210940170940171,0.196923076923077,0.907537688442211,0.4321608040201,46928,0.0892143808255659,0.102564102564103,0.171859296482412,"2014",2014,6
"1343",6085512031,7715.757,0.96671388101983,0.0408821947283486,0.0633663366336634,0.724752475247525,0.0118811881188119,0.696774193548387,0.38494623655914,0,0.467844522968198,39.9,0.703415783274441,0.0120141342756184,0.204475853945819,0.244287396937574,0.253239104829211,0.818637992831541,0.305376344086021,37233,0.101584342963653,0.117078916372203,0.108243727598566,"2014",2014,6
"1344",6085512032,3109.994,0.986742424242424,0.00899280575539568,0.132050721469174,0.693484914735461,0.0209881941407958,0.638779527559055,0.471456692913386,0.0295275590551181,0.416047972587093,37.9,0.629925756710451,0.0308395202741291,0.129925756710451,0.420616790405483,0.236150770988007,0.852362204724409,0.240157480314961,32881,0.0532445923460899,0.186106346483705,0.108267716535433,"2014",2014,6
"1345",6085512033,4256.304,0.777830864787387,0.042112530203659,0.0819144040497009,0.739530602853198,0.00828347906120571,0.602444987775061,0.421515892420538,0,0.514964517124344,38.7,0.624344338167232,0.0541499537179883,0.155507559395248,0.356680037025609,0.239432273989509,0.678728606356968,0.203911980440098,36258,0.110138805069403,0.176388673990407,0.133496332518337,"2014",2014,6
"1346",6085512034,7689.233,0.943969610636277,0.0722070844686648,0.0845747236905334,0.775588659298414,0.0134550696780394,0.710351377018044,0.441595441595442,0,0.480464966096222,40.3,0.591540200193736,0.00452050371327091,0.178237003551824,0.316435259928963,0.237972231191476,0.863247863247863,0.339981006647673,42549,0.0522113022113022,0.0960103795004865,0.121557454890788,"2014",2014,6
"1347",6085512035,4672.387,0.937768240343348,0.0421686746987952,0.0721876145108098,0.792964455844632,0.0175888603884207,0.567723342939481,0.422910662824207,0,0.49759846301633,36.6,0.672910662824208,0.0177713736791547,0.147934678194044,0.365513928914505,0.186359269932757,0.789625360230548,0.312680115273775,36678,0.13212927756654,0.171469740634006,0.130403458213256,"2014",2014,6
"1348",6085512036,16070.29,0.371828068358364,0.0396396396396396,0.0468797564687976,0.854185692541857,0.0295281582952816,0.561461794019934,0.406423034330011,0.00609080841638981,0.506743355811186,30.9,0.513883379611265,0.0452201507338358,0.299285997619992,0.240579135263784,0.328837762792543,0.276301218161683,0.217607973421927,43571,0.0963777490297542,0.108488694962317,0.122923588039867,"2014",2014,6
"1349",6085512037,8155.042,0.958835341365462,0.0137972405518896,0.123937360178971,0.681431767337808,0.0210290827740492,0.691767068273092,0.416666666666667,0.0070281124497992,0.518304431599229,40.3,0.600513808606294,0.0138086062941554,0.180475272960822,0.206807964033398,0.219974309569685,0.893574297188755,0.280120481927711,41182,0.0700909577314072,0.104804901644631,0.0963855421686747,"2014",2014,6
"1350",6085512038,5204.845,0.334862385321101,0.0234670704012112,0.124934657605855,0.664401463669629,0.0266596968112912,0.536290322580645,0.462701612903226,0,0.501043841336117,36.7,0.541405706332637,0.0855949895615866,0.258176757132916,0.312804453723034,0.294711203897008,0.642137096774194,0.237903225806452,36387,0.150124069478908,0.288380281690141,0.0907258064516129,"2014",2014,6
"1351",6085512039,8601.898,0.837758112094395,0.0637234485630987,0.142586750788644,0.647634069400631,0.0157728706624606,0.619695756605284,0.493995196156926,0,0.488185654008439,37.8,0.451898734177215,0.0327004219409283,0.441350210970464,0.3042194092827,0.406751054852321,0.808646917534027,0.196957566052842,31655,0.104204096298958,0.143037974683544,0.0856685348278623,"2014",2014,6
"1352",6085512042,11276.05,0.694895591647332,0.0947368421052632,0.230358097274185,0.609834313201497,0.014430785676109,0.551044083526682,0.417633410672854,0.0104408352668213,0.496630010642072,37.7,0.327775807023767,0.0439872295140121,0.494501596310748,0.313231642426392,0.435970202199362,0.614849187935035,0.262180974477958,26690,0.179153094462541,0.282087951376475,0.0382830626450116,"2014",2014,6
"1353",6085512043,19762.06,0.403174603174603,0.108088235294118,0.50452923414768,0.321987373044194,0,0.453896103896104,0.633116883116883,0,0.470856638210185,28.6,0.510891963497203,0.105387106270238,0.174124227259346,0.643803355902267,0.476008242566971,0.361038961038961,0.0409090909090909,13776,0.15275257108288,0.582568807339449,0.00519480519480519,"2014",2014,5
"1354",6085512045,7117.283,0.991900647948164,0.0108651911468813,0.0605249062667381,0.715854311730048,0.00696304231387252,0.609348914858097,0.392320534223706,0,0.509967960128159,38,0.668387326450694,0.025809896760413,0.174617301530794,0.276432894268423,0.193307226771093,0.888146911519199,0.319421257651642,40327,0.133015006821282,0.10919230077352,0.146911519198664,"2014",2014,6
"1355",6085512047,8767.701,0.928406466512702,0.0455187014820042,0.11825,0.6035,0.00675,0.605970149253731,0.354029850746269,0,0.517758343744423,41.7,0.684097804747457,0.0105300731750848,0.135463144743887,0.300017847581653,0.245225771907906,0.712835820895522,0.34089552238806,34579,0.0792174470814625,0.190612172050687,0.127164179104478,"2014",2014,6
"1356",6085512052,6899.589,0.313253012048193,0.0770975056689342,0.103744417725867,0.735142562693233,0.0395053246307111,0.459475566150179,0.313468414779499,0,0.508720216163105,37.9,0.645787275853599,0.0147383935151069,0.160894129206583,0.212724146401376,0.290346352247605,0.423122765196663,0.228247914183552,42875,0.0503778337531486,0.155981331368214,0.099523241954708,"2014",2014,6
"1357",6085512053,11676.76,0.6725,0.0812289562289562,0.132873707301786,0.721090567220307,0.00470072077718584,0.647020725388601,0.463730569948187,0.00971502590673575,0.506293138449046,34.8,0.593382054405197,0.0659764514819326,0.16159155501421,0.377385302476654,0.284612261469752,0.633419689119171,0.22020725388601,29964,0.0995225853837679,0.208891595615104,0.0511658031088083,"2014",2014,6
"1358",6085512100,77.5268,0.875,0.0646153846153846,0.180355630821338,0.582557154953429,0.00338696020321761,0.565874730021598,0.390928725701944,0,0.534924330616997,41.3,0.608265424912689,0,0.118742724097788,0.589639115250291,0.327124563445867,0.684665226781857,0.421166306695464,40509,0.0557103064066852,0.288033674082983,0.168466522678186,"2014",2014,6
"1359",6085512200,43.15815,0.937046004842615,0.0553650171484566,0.0306186868686869,0.845328282828283,0.0195707070707071,0.6712158808933,0.277915632754342,0,0.530742857142857,47.7,0.834057142857143,0.0102857142857143,0.0569142857142857,0.234057142857143,0.140114285714286,0.792183622828784,0.35545905707196,62093,0.0658127208480565,0.170285714285714,0.227667493796526,"2014",2014,1
"1360",6085512305,621.2051,0.914909090909091,0.0678756476683938,0.0679886685552408,0.721671388101983,0.0177053824362606,0.72871137905049,0.354935945742276,0.00602863602110023,0.540547263681592,45.2,0.703731343283582,0.0256218905472637,0.124626865671642,0.218159203980099,0.188059701492537,0.778447626224567,0.339110776186888,54991,0.0978800180423996,0.161603585657371,0.211755840241145,"2014",2014,6
"1361",6085512307,3055.549,0.751589656634167,0.0482058716926423,0.0500584795321637,0.772631578947368,0.0154385964912281,0.644434628975265,0.364840989399293,0,0.475209172606136,41.7,0.790982336535482,0.00619770684846607,0.0903315773163929,0.233963433529594,0.122249767585993,0.867932862190813,0.374116607773852,43925,0.115742128935532,0.112042209807573,0.166077738515901,"2014",2014,6
"1362",6085512308,1426.198,0.977537437603993,0.0377053595475357,0.0785714285714286,0.765873015873016,0.0380952380952381,0.7544080604534,0.44080604534005,0.00377833753148615,0.453403141361257,41.7,0.662565445026178,0.0299738219895288,0.12434554973822,0.249083769633508,0.194109947643979,0.802267002518892,0.349706129303107,47934,0.0761581372786806,0.157984293193717,0.267002518891688,"2014",2014,1
"1363",6085512309,1517.802,0.910994764397906,0.0254452926208651,0.100028256569652,0.733823113873976,0.0353207120655552,0.771069934249851,0.42916915720263,0,0.486302663895711,38.6,0.739278292083884,0.0205932363498961,0.0251275269223503,0.259210277725298,0.155488380880408,0.830842797369994,0.364614465032875,49021,0.0840179238237491,0.208766295106745,0.190077704722056,"2014",2014,6
"1364",6085512310,2511.677,0.531065088757396,0.0613207547169811,0.182013769363167,0.570567986230637,0.00516351118760757,0.497695852534562,0.490783410138249,0,0.467446592065107,31.9,0.594354018311292,0.0211088504577823,0.149033570701933,0.496439471007121,0.283062054933876,0.394009216589862,0.110599078341014,24242,0.137964774951076,0.452695829094608,0.0245775729646697,"2014",2014,5
"1365",6085512311,1340.873,0.659459459459459,0.0293896006028636,0.0660628662759723,0.76345231752797,0.0053276505061268,0.609979633401222,0.409368635437882,0,0.433125433125433,40.5,0.669092169092169,0.0523215523215523,0.172557172557173,0.200623700623701,0.191614691614692,0.859470468431772,0.246435845213849,42423,0.0801324503311258,0.234271810914147,0.180244399185336,"2014",2014,6
"1366",6085512312,5299.146,0.925628140703518,0.0425114453891432,0.0995934959349594,0.754065040650406,0.00508130081300813,0.669500531349628,0.458023379383634,0,0.512960436562074,38.6,0.650409276944065,0.0255798090040928,0.0576398362892224,0.315825375170532,0.204297407912688,0.789585547290117,0.209351753453773,46478,0.0943606923506421,0.0396310215237444,0.228480340063762,"2014",2014,6
"1367",6085512313,3944.152,0.501230516817063,0.0776280323450135,0.198815566835871,0.555837563451777,0.0236886632825719,0.508361204013378,0.520066889632107,0,0.464017991004498,30.6,0.7023988005997,0.0534732633683158,0.0859570214892554,0.485007496251874,0.212143928035982,0.462374581939799,0.229096989966555,32166,0.0609636184857424,0.362668019274664,0.161371237458194,"2014",2014,6
"1368",6085512314,4550.511,0.68359375,0.112534626038781,0.268955297604347,0.51691775747098,0.0041985675475426,0.410004904364885,0.393330063756744,0.00490436488474743,0.536555521566228,30.4,0.568216579993882,0.0344141939431019,0.10125420617926,0.497399816457632,0.269348424594677,0.540951446787641,0.186856302108877,28320,0.10781990521327,0.445256609642302,0.0912211868563021,"2014",2014,5
"1369",6085512401,305.8788,0.881720430107527,0.0243445692883895,0.168526466380544,0.641201716738197,0.0177396280400572,0.660126138752628,0.346881569726699,0,0.52897808724145,40.5,0.717182060208888,0.0149498259266844,0.0710628711857465,0.439893508089289,0.216055703460987,0.768044849334268,0.287316047652418,43455,0.0852130325814536,0.17311271975181,0.1927119831815,"2014",2014,6
"1370",6085512402,276.3901,0.97024178549287,0.0217035217035217,0.216364634816035,0.621911037891269,0.00906095551894563,0.666883539362394,0.415094339622642,0,0.494394831844955,45.4,0.608018240547216,0.037051111533346,0.119513585407562,0.359300779023371,0.23826714801444,0.818477553675992,0.344827586206897,45288,0.112534626038781,0.186463298379409,0.289525048796357,"2014",2014,6
"1371",6085512503,1487.373,0.961641733793632,0.0539940828402367,0.0388444270934999,0.795041967597111,0.0146398594573492,0.751850409037787,0.402804830541488,0,0.556720808287505,39.1,0.767361555186085,0.0250671441360788,0.113697403760072,0.307456196444558,0.15513492774012,0.901051811453058,0.363459291001169,47524,0.0719981772613352,0.0934735222464419,0.164394234514998,"2014",2014,6
"1372",6085512505,7316.168,0.682134570765661,0.0354080221300138,0.232695487833688,0.592960075596504,0.00401606425702811,0.535471331389699,0.568999028182702,0,0.490611266480224,28.6,0.779597815954188,0.0398188840058596,0.0555333599680384,0.617658809428686,0.254228259422027,0.540816326530612,0.166666666666667,27001,0.0970039292730845,0.254640138870343,0.0724003887269193,"2014",2014,6
"1373",6085512506,8890.804,0.596500820120284,0.0556177678238149,0.28869286287089,0.499866345896819,0.00267308206361935,0.529510961214165,0.573355817875211,0.00449690837549185,0.460188175818003,27.1,0.549782333941862,0.0386181716051116,0.0595421991293358,0.676449936806628,0.249964892571268,0.462057335581788,0.169758291174817,18688,0.185769574278059,0.48475393561197,0.0191118605958404,"2014",2014,3
"1374",6085512508,9178.326,0.697761194029851,0.0674213836477987,0.296586968424895,0.518890308450447,0.00620551195473627,0.546142208774584,0.413767019667171,0.0102118003025719,0.484744152914639,35.9,0.750563932090704,0.00427401163480945,0.0256440698088567,0.596580790692152,0.246824171910246,0.523071104387292,0.181164901664145,29968,0.115704286964129,0.373481057898499,0.0722390317700454,"2014",2014,6
"1375",6085512509,2236.254,0.750605326876513,0.0430861723446894,0.165874901029295,0.666270783847981,0.00356294536817102,0.735270379338176,0.479418886198547,0,0.456490727532097,32.8,0.682358535425582,0.0104612458392772,0.0451735615786971,0.621730860675226,0.247503566333809,0.769168684422922,0.112187247780468,29885,0.056854653828519,0.35070523547693,0.100080710250202,"2014",2014,6
"1376",6085512510,702.1523,0.64354770912148,0.0177304964539007,0.131438289601555,0.651603498542274,0.0114188532555879,0.582378854625551,0.338766519823789,0,0.489802421924793,35.2,0.720044614404079,0.0170490758444869,0.0594327597195666,0.450764818355641,0.192001274697259,0.593392070484582,0.240969162995595,37737,0.0935853734118376,0.275251316419339,0.0828193832599119,"2014",2014,6
"1377",6085512602,70.6824,0.818888888888889,0.0262206148282098,0.273150844496214,0.472917880023296,0.0034944670937682,0.66583850931677,0.417391304347826,0,0.506978498679744,37.6,0.76612599019238,0.023010184835911,0.038853262919653,0.604677480196152,0.232365145228216,0.522981366459627,0.252173913043478,27466,0.146858440575322,0.401968205904618,0.120496894409938,"2014",2014,5
"1378",6085512603,4764.215,0.397920604914934,0.105839416058394,0.45959595959596,0.32415059687787,0.00734618916437098,0.454170957775489,0.48918640576725,0,0.509242384795626,29.2,0.629263212705025,0.0192658161936996,0.0328039573027857,0.811247071075241,0.422285863056496,0.194644696189495,0.0514933058702369,14749,0.157763354967549,0.613372093023256,0.0247167868177137,"2014",2014,5
"1379",6085512604,5764.956,0.596153846153846,0.0540089086859688,0.440919037199125,0.325674690007294,0.00474106491611962,0.339362618432386,0.575366063738157,0,0.488150698804942,28.5,0.663560866923233,0.00222807372898521,0.0224832894470326,0.865910471946526,0.379785294713389,0.337639965546942,0.0482342807924203,14782,0.123432979749277,0.687234042553192,0.016365202411714,"2014",2014,5
"1380",6085513000,7008.61,0.0948598130841121,0.813164893617021,0.014486391571554,0.974978050921861,0.0618964003511853,0.203323558162268,0.117790811339198,0.00977517106549365,0.609261744966443,22.2,0.548187919463087,0.0522147651006711,0.319865771812081,0.131946308724832,0.340268456375839,0.0131964809384164,0.234604105571848,17083,0.0623668999087314,0.483386660103372,0.0239491691104594,"2014",2014,4
"1381",6085513500,1.617609,0.919908466819222,0,0.120634920634921,0.601587301587302,0.019047619047619,0.615384615384615,0.221538461538462,0,0.522012578616352,45.3,0.824947589098532,0.0125786163522013,0.0167714884696017,0.232704402515723,0.0628930817610063,0.729230769230769,0.507692307692308,43937,0.0327868852459016,0.191990577149588,0.150769230769231,"2014",2014,6
"1382",6095250103,5541.199,0.754561506768687,0.0701001430615164,0.156611039794608,0.58793324775353,0.00962772785622593,0.524349566377585,0.368245496997999,0,0.541010194624652,43,0.354726598702502,0.21014828544949,0.289620018535681,0.192771084337349,0.289156626506024,0.595730486991328,0.176117411607738,27126,0.239900249376559,0.269543029459522,0.0340226817878586,"2014",2014,6
"1383",6095250104,4500.396,0.778669724770642,0.0289855072463768,0.108200455580866,0.677676537585421,0,0.588845654993515,0.226977950713359,0,0.473362445414847,46.9,0.450218340611354,0.129257641921397,0.38471615720524,0.0794759825327511,0.275982532751092,0.75875486381323,0.280155642023346,29815,0.156079854809437,0.230429013710747,0.0298313878080415,"2014",2014,6
"1384",6095250105,5379.234,0.731510533393097,0.0692216280451575,0.055173849677285,0.776597959608578,0.0149906308557152,0.547571853320119,0.43211100099108,0,0.450356095517386,40.3,0.129590839268259,0.236419494484011,0.522832006702974,0.0768049155145929,0.35386119257087,0.626858275520317,0.207631318136769,31915,0.073790002644803,0.159837784925185,0.099603567888999,"2014",2014,10
"1385",6095250106,695.9868,0.982364467668191,0.036848792884371,0.0533481522645179,0.747429841622673,0.0258405112531259,0.757847533632287,0.442451420029895,0.0134529147982063,0.465826275359464,39.5,0.256450659838487,0.100453023439039,0.540279692731928,0.0941500886350207,0.37226708686232,0.947683109118087,0.324364723467862,39281,0.0948878264067672,0.149473265752336,0.204783258594918,"2014",2014,6
"1386",6095250200,7104.073,0.623870967741936,0.12847965738758,0.121437422552664,0.507228418009087,0,0.310021629416006,0.415284787310743,0,0.480184581976113,36.5,0.519272529858849,0.20114006514658,0.128121606948969,0.30157437567861,0.211183496199783,0.432588320115357,0.165104542177361,18671,0.186313973548016,0.536894273127753,0,"2014",2014,3
"1387",6095250300,8902.537,0.924764890282132,0.00692520775623269,0.156143344709898,0.559300341296928,0,0.325870646766169,0.464344941956882,0,0.45699920613919,33.4,0.52130193172797,0.240010584810797,0.202434506483197,0.257475522625033,0.255093940195819,0.491708126036484,0.0995024875621891,16556,0.180272108843537,0.503142935228204,0,"2014",2014,3
"1388",6095250400,5252.301,0.884266263237519,0.0408626560726447,0.149668874172185,0.549668874172185,0.0033112582781457,0.363354037267081,0.324016563146998,0,0.441891294741494,37.8,0.514361467079099,0.175872735307114,0.0844012372956253,0.28988068935042,0.152452496685815,0.691511387163561,0.182194616977226,25329,0.159447004608295,0.418480675255442,0.015527950310559,"2014",2014,6
"1389",6095250501,3953.292,0.924906132665832,0.0292326431181486,0.195890410958904,0.54041095890411,0,0.451137884872825,0.294511378848728,0.0200803212851406,0.459097669806644,41.1,0.650966782350025,0.0535448686167576,0.122954883490332,0.214675260287556,0.183440753594447,0.751004016064257,0.231593038821954,27254,0.127066115702479,0.32523549826475,0.0147255689424364,"2014",2014,6
"1390",6095250502,4043.589,0.836290322580645,0.0206896551724138,0.124235294117647,0.598117647058824,0.00329411764705882,0.545192307692308,0.257692307692308,0.0201923076923077,0.47679892400807,47.1,0.542703429724277,0.20275722932078,0.135507733691997,0.251849361129792,0.249495628782784,0.745192307692308,0.226923076923077,28915,0.195696032279758,0.424823410696266,0.0432692307692308,"2014",2014,6
"1391",6095250601,5637.998,0.962782184258694,0.0678605089538172,0.131191432396252,0.531793842034806,0.0137215528781794,0.475033738191633,0.394736842105263,0,0.503470883146934,32.7,0.513305052063247,0.26263015811801,0.125723100655611,0.29579637485538,0.220786733513305,0.626855600539811,0.0951417004048583,22580,0.196608946608947,0.450319581638582,0.0337381916329285,"2014",2014,6
"1392",6095250604,4566.332,0.728102189781022,0.045954045954046,0.0835755813953488,0.76453488372093,0.0414244186046512,0.529658060013957,0.27076064200977,0.00279134682484299,0.50216684723727,44.3,0.428223185265439,0.135969664138678,0.371072589382449,0.109154929577465,0.303087757313109,0.773203070481507,0.303558967201675,40779,0.0709976798143852,0.1397616468039,0.0893230983949756,"2014",2014,6
"1393",6095250605,3942.877,0.943890274314214,0.0638559148587802,0.0546480546480546,0.749034749034749,0.0142560142560143,0.550660792951542,0.292007551919446,0.00566393958464443,0.537692809037584,40.7,0.376928090375842,0.15989572018249,0.263958288072996,0.14620899413426,0.259178796437106,0.740717432347388,0.200125865324103,39553,0.107311749727174,0.161079669133653,0.110132158590308,"2014",2014,6
"1394",6095250701,4010.288,0.559485530546624,0.0570547417116423,0.213596692696371,0.51676619200735,0.00872760679834635,0.300608166811468,0.355343179843614,0.0364900086880973,0.477151335311573,38.7,0.468545994065282,0.235014836795252,0.121661721068249,0.467062314540059,0.27566765578635,0.596872284969592,0.0634231103388358,18487,0.165609137055838,0.488428013225128,0.0338835794960904,"2014",2014,3
"1395",6095250801,234.9844,0.4310551558753,0.120879120879121,0.0818403908794788,0.708061889250814,0.0362377850162866,0.340471092077088,0.229835831548894,0.0107066381156317,0.483447488584475,37.9,0.575913242009132,0.218321917808219,0.105308219178082,0.190353881278539,0.17865296803653,0.561741613133476,0.197002141327623,27803,0.164058556284705,0.300031318509239,0.033547466095646,"2014",2014,2
"1396",6095250900,6331.18,0.120211360634082,0.189292543021033,0.154215215901302,0.513365318711446,0,0.179828734538535,0.225499524262607,0.0209324452901998,0.402113739305486,36.4,0.296930045294414,0.462003019627579,0.195269250125818,0.207347760442879,0.204831404126824,0.122740247383444,0.0856327307326356,14564,0.358108108108108,0.735782586814293,0,"2014",2014,3
"1397",6095251000,9157.928,0.4,0.0698466780238501,0.119504643962848,0.66625386996904,0,0.204081632653061,0.378036929057337,0.0281827016520894,0.497278382581649,31.5,0.51905132192846,0.251166407465008,0.0738724727838258,0.205676516329705,0.164463452566096,0.232264334305151,0.0670553935860058,23440,0.151601423487544,0.427675421403371,0,"2014",2014,3
"1398",6095251100,8323.946,0.657915057915058,0.0335731414868106,0.317265125430398,0.44023610427939,0.00393507132316773,0.320224719101124,0.357677902621723,0,0.470043415340087,33.5,0.717221418234443,0.0717800289435601,0.0845151953690304,0.592764109985528,0.339218523878437,0.401685393258427,0.0870786516853933,16345,0.273861171366594,0.599305153445281,0,"2014",2014,3
"1399",6095251200,6434.968,0.90558615263572,0.137418755803157,0.26412213740458,0.438167938931298,0.00661577608142494,0.296228150873965,0.315547378104876,0.0239190432382705,0.503022162525185,33.4,0.564808596373405,0.22834116856951,0.0681665547347213,0.488247145735393,0.320013431833445,0.546458141674333,0.128794848206072,19701,0.135030864197531,0.493743659113967,0.0211591536338546,"2014",2014,3
"1400",6095251300,5611.382,0.931464174454829,0.0726978998384491,0.122858541360744,0.623103279490945,0.00783162016642193,0.335652173913043,0.211304347826087,0.00695652173913044,0.509378447958808,42.2,0.698786318499448,0.114380286870173,0.00772342773078338,0.26884884148584,0.164398675983818,0.79304347826087,0.234782608695652,33920,0.16882276843467,0.194630872483221,0.0269565217391304,"2014",2014,6
"1401",6095251400,6238.999,0.7190357439734,0.0740072202166065,0.058719311566692,0.620096178182739,0.0101240192356365,0.391089108910891,0.292979297929793,0.0157515751575158,0.436430542778289,46.9,0.516099356025759,0.16099356025759,0.140018399264029,0.236798528058878,0.159521619135235,0.633213321332133,0.257425742574257,29842,0.0915822291504287,0.27072945521699,0.0171017101710171,"2014",2014,6
"1402",6095251500,6926.802,0.634749524413443,0.0396166134185304,0.224235104669887,0.475845410628019,0,0.312223858615611,0.338733431516937,0.00515463917525773,0.518468223791418,36.4,0.57007061379685,0.214828897338403,0.114611624117328,0.383758826724606,0.345464421510049,0.331369661266568,0.106038291605302,18505,0.160595177013853,0.641904761904762,0.00515463917525773,"2014",2014,3
"1403",6095251600,7924.692,0.47993705743509,0.126633986928105,0.137008733624454,0.588427947598253,0.0120087336244541,0.247572815533981,0.340776699029126,0,0.512333965844402,32.7,0.518406072106262,0.267172675521822,0.0929791271347249,0.292599620493359,0.23415559772296,0.112621359223301,0.0825242718446602,19822,0.232120451693852,0.581404174573055,0.00679611650485437,"2014",2014,3
"1404",6095251701,5297.058,0.504678727386151,0.164295874822191,0.093033318909563,0.703158805711813,0,0.27148288973384,0.226615969581749,0.0144486692015209,0.495211615693543,41.9,0.48995983935743,0.129131912264442,0.216249613839975,0.186901451961693,0.232931726907631,0.382509505703422,0.156653992395437,22978,0.175379426644182,0.389888337468983,0.00456273764258555,"2014",2014,3
"1405",6095251702,12102.43,0.553453169347209,0.108571428571429,0.107645259938838,0.70519877675841,0.00305810397553517,0.339622641509434,0.387347391786903,0,0.484589676940215,34.3,0.267731154845897,0.380616412922391,0.27255848496101,0.125881916078723,0.297066468622354,0.46503884572697,0.142064372918979,23356,0.110719322990127,0.409958816922501,0.00887902330743618,"2014",2014,3
"1406",6095251802,2918.533,0.100587371512482,0.0958702064896755,0.167545401288811,0.567076742823667,0.00644405389572349,0.294069861900894,0.210398050365556,0,0.416293279022403,47.9,0.411812627291242,0.229327902240326,0.340529531568228,0.19837067209776,0.326680244399185,0.28838342810723,0.074735987002437,15728,0.252252252252252,0.641255605381166,0,"2014",2014,3
"1407",6095251803,3881.963,0.971542025148908,0.0126030053320407,0.184417216462457,0.499842915488533,0.00377002827521206,0.543785310734463,0.461864406779661,0.0120056497175141,0.455998421468035,35.9,0.35655090765588,0.132596685082873,0.337411207576953,0.308800315706393,0.385556432517759,0.693502824858757,0.143361581920904,20636,0.134631317315659,0.38536877873276,0.0120056497175141,"2014",2014,6
"1408",6095251804,6082.11,0.989963503649635,0.0163834951456311,0.157560355781449,0.604404913172385,0,0.598825831702544,0.459882583170254,0,0.488934637159032,34.6,0.326556870818322,0.155687081832218,0.448018528049408,0.269428718476583,0.404014410705095,0.731898238747554,0.0978473581213307,21432,0.0791290493892724,0.244961240310078,0.025440313111546,"2014",2014,5
"1409",6095251901,4494.529,0.491062562065541,0.0523809523809524,0.211348256116606,0.479698073919833,0.00702758979698074,0.29923830250272,0.329162132752992,0.00544069640914037,0.465750915750916,41.5,0.458791208791209,0.311904761904762,0.13974358974359,0.355311355311355,0.242673992673993,0.417301414581066,0.154515778019587,20948,0.21685303514377,0.495179328962592,0.00544069640914037,"2014",2014,3
"1410",6095251902,7399.481,0.914634146341463,0.00535279805352798,0.137780066958537,0.542106618593871,0.00515065670873036,0.519642857142857,0.424404761904762,0.00416666666666667,0.470739219712526,36.7,0.356605065023956,0.261635865845311,0.208418891170431,0.322724161533196,0.354380561259411,0.614285714285714,0.107142857142857,20203,0.237294332723949,0.427275838466804,0.00476190476190476,"2014",2014,6
"1411",6095251903,5408.482,1,0.0295710120783007,0.142696312974951,0.626794258373206,0.00478468899521531,0.500917431192661,0.420795107033639,0.0036697247706422,0.488822652757079,35.3,0.270305514157973,0.339046199701937,0.241244411326379,0.290983606557377,0.285767511177347,0.740061162079511,0.158409785932722,24965,0.0934744268077601,0.40666915052161,0.0336391437308868,"2014",2014,6
"1412",6095252000,3604.362,0.621573033707865,0.111332007952286,0.0648255813953488,0.73546511627907,0.0270348837209302,0.448667324777887,0.256663376110563,0,0.463096623981374,50.7,0.809545983701979,0.0589057043073341,0.0426076833527357,0.130151338766007,0.0756693830034924,0.56071076011846,0.318854886475814,56624,0.0686619718309859,0.181373690337602,0.0932872655478776,"2014",2014,1
"1413",6095252102,214.6413,0.720736779560309,0.0177383592017738,0.0678851174934726,0.720999627004849,0.00969787392763894,0.341479524438573,0.321664464993395,0.0145310435931308,0.527249022164276,38.6,0.759843546284224,0.0691003911342894,0.0474576271186441,0.172359843546284,0.0670143415906128,0.566050198150594,0.260237780713342,31627,0.123989218328841,0.192101020956475,0.0468956406869221,"2014",2014,6
"1414",6095252103,6270.897,0.62969837587007,0.0436523828594313,0.0794195250659631,0.74089709762533,0.00844327176781003,0.455639097744361,0.306766917293233,0.00551378446115288,0.492916283348666,36.6,0.266973321067157,0.258325666973321,0.363201471941122,0.0802207911683533,0.259981600735971,0.502255639097744,0.137844611528822,29461,0.115137148662377,0.244153931136071,0.0385964912280702,"2014",2014,6
"1415",6095252104,1529.861,0.919021739130435,0.0600361663652803,0.0240634399781241,0.843040743779054,0.0117582718074925,0.727473742399116,0.456605859590934,0.00608070757324489,0.495951765719208,39.7,0.602067183462532,0.0520241171403962,0.218776916451335,0.127304048234281,0.165030146425495,0.868988391376451,0.318407960199005,46444,0.0868725868725869,0.0806201550387597,0.223880597014925,"2014",2014,6
"1416",6095252105,3191.707,0.774452554744526,0.0472589792060491,0.023725834797891,0.890597539543058,0.0210896309314587,0.521739130434783,0.383921246923708,0.00574241181296144,0.462900763358779,41.8,0.70412213740458,0.0436641221374046,0.171297709923664,0.125801526717557,0.13618320610687,0.734208367514356,0.293683347005742,39690,0.062929061784897,0.104427480916031,0.0771123872026251,"2014",2014,6
"1417",6095252106,4016.497,0.649461145774248,0.069164265129683,0.0369623655913979,0.802083333333333,0.0238575268817204,0.501418037436188,0.353374929098128,0.00567214974475326,0.501116071428571,41.7,0.719642857142857,0.0486607142857143,0.120758928571429,0.227232142857143,0.112053571428571,0.60068065796937,0.330686330119115,39356,0.107711651299246,0.132037533512064,0.0873511060692002,"2014",2014,1
"1418",6095252107,3276.826,0.762002743484225,0.0492021276595745,0.0163522012578616,0.876310272536688,0.0146750524109015,0.560085836909871,0.320457796852647,0,0.466647247305564,44.7,0.73434314011069,0.0480629187299738,0.131954558695019,0.13253713952811,0.106612292455578,0.772532188841202,0.333333333333333,42103,0.0699216395418927,0.0937955141275852,0.086552217453505,"2014",2014,6
"1419",6095252108,4934.71,0.741691842900302,0.083539603960396,0.0699643493761141,0.749108734402852,0.035650623885918,0.476744186046512,0.310077519379845,0,0.449481865284974,47.9,0.743199481865285,0.0786917098445596,0.0806347150259067,0.106541450777202,0.108484455958549,0.741085271317829,0.331007751937984,47104,0.0515942028985507,0.195701725822208,0.144186046511628,"2014",2014,1
"1420",6095252201,244.1734,0.990141307919816,0.0592970217332976,0.0230915043942788,0.838704118559366,0.0392900224022058,0.692849949647533,0.366565961732125,0,0.486489580948019,40.2,0.514655369819098,0.127662010533547,0.22544080604534,0.163727959697733,0.17094114953057,0.836858006042296,0.348774756629742,46292,0.1113369467028,0.097572148419606,0.197381671701913,"2014",2014,6
"1421",6095252202,484.5826,0.977993527508091,0.0340685309176841,0.0626339969372129,0.775957120980092,0.00995405819295559,0.684090166612218,0.432538386148318,0.00816726559947729,0.459357277882798,39.1,0.428713560839717,0.110834742811661,0.259377176400358,0.216893841408815,0.261466520744205,0.825220516171186,0.232603724273113,34989,0.105822873082287,0.128146453089245,0.115321790264619,"2014",2014,6
"1422",6095252305,279.2195,0.881376037959668,0.0327318506084767,0.0680047932893948,0.710305572198922,0,0.668280871670702,0.331719128329298,0.00605326876513317,0.477741804937272,39.1,0.632942128692837,0.0667745851881829,0.190611088628086,0.157426143261837,0.167543504653986,0.693099273607748,0.307506053268765,40877,0.0645285935085008,0.132361870066788,0.087772397094431,"2014",2014,6
"1423",6095252306,4762.564,0.91987431264729,0.0220107079119572,0.0814138204924543,0.67077045274027,0.0198570293884035,0.518429487179487,0.300480769230769,0.00560897435897436,0.454677936461673,45.8,0.704459341299913,0.105800058292043,0.110171961527252,0.196735645584378,0.117749927134946,0.778044871794872,0.283653846153846,35461,0.0627062706270627,0.14877977065569,0.0240384615384615,"2014",2014,6
"1424",6095252310,309.5555,0.844389844389844,0.0368055555555556,0.041837198726694,0.765802637562528,0.020918599363347,0.601156069364162,0.215524360033031,0,0.502193722578468,48,0.720215997300034,0.0593992575092811,0.174822814714816,0.0344245696928788,0.168410394870064,0.744838976052849,0.375722543352601,47608,0.0311486048020766,0.194735065811677,0.15028901734104,"2014",2014,1
"1425",6095252311,1339.492,0.852718078381795,0.0381391450125733,0.0407383831954169,0.803628262253342,0.0305537873965627,0.769533814839133,0.377544320420223,0,0.531363636363636,40.3,0.495909090909091,0.167045454545455,0.226363636363636,0.136136363636364,0.196818181818182,0.752462245567958,0.284963887065003,41884,0.0446859903381642,0.0518653321201092,0.106369008535785,"2014",2014,6
"1426",6095252312,5056.459,0.574829931972789,0.0223463687150838,0.067906976744186,0.785116279069767,0.00883720930232558,0.431179775280899,0.23314606741573,0,0.49493991144845,34.9,0.574320050600886,0.145793801391524,0.182479443390259,0.212207463630614,0.143580012650221,0.485955056179775,0.185393258426966,29980,0.0776575429662635,0.318469323213156,0.0077247191011236,"2014",2014,6
"1427",6095252313,2036.867,0.692375495813134,0.0494458653026428,0.0898671529044022,0.721542068246939,0.00416775201875488,0.558937198067633,0.283574879227053,0.0169082125603865,0.508275493860117,39.7,0.486385477843033,0.0683395621996797,0.226374799786439,0.275137924897669,0.187577860829329,0.571980676328502,0.321256038647343,34685,0.10612563402263,0.172060705796306,0.066183574879227,"2014",2014,6
"1428",6095252314,5601.638,0.852802160702228,0.0467645459488853,0.170287044220326,0.531419705197828,0.0124127230411171,0.465917076598735,0.296556570625439,0.011243851018974,0.509297520661157,41,0.448347107438017,0.115702479338843,0.169163223140496,0.237603305785124,0.176394628099174,0.666198172874209,0.20449754040759,27216,0.151910531220876,0.249157376199118,0.00351370344342937,"2014",2014,6
"1429",6095252315,6587.066,0.970629370629371,0.0222748815165877,0.0945991278094599,0.691714189869171,0.011070110701107,0.701636904761905,0.293154761904762,0,0.500115393491807,36.3,0.454188783752596,0.15162704823448,0.215785829679206,0.108239095315024,0.124163397184399,0.837797619047619,0.203869047619048,30533,0.0932688077430708,0.12393063583815,0.0446428571428571,"2014",2014,6
"1430",6095252316,7034.123,0.88728813559322,0.0391479562464018,0.172783505154639,0.552164948453608,0,0.601237842617153,0.387267904509284,0,0.51,36.5,0.482571428571429,0.238,0.0951428571428571,0.248,0.182857142857143,0.587975243147657,0.214854111405836,27245,0.106574761399788,0.213428571428571,0.0433244916003537,"2014",2014,6
"1431",6095252317,614.6746,0.953271028037383,0.031813361611877,0.0932999373825924,0.691504905030265,0.00667919014819453,0.697878228782288,0.478782287822878,0,0.4527665317139,34.7,0.417139001349528,0.162078272604588,0.191497975708502,0.18191632928475,0.163562753036437,0.711254612546125,0.217250922509225,33325,0.0516129032258065,0.0759756435095489,0.0691881918819188,"2014",2014,6
"1432",6095252401,7794.709,0.82182320441989,0.0407239819004525,0.242961820285384,0.411878133436174,0.00385653682992673,0.540840602696273,0.437747819191118,0.00872323552735924,0.523007590132827,32.3,0.488377609108159,0.110768500948767,0.124051233396584,0.474146110056926,0.355313092979127,0.509119746233148,0.0904044409199048,18301,0.125187781672509,0.465206812652068,0.00317208564631245,"2014",2014,3
"1433",6095252402,883.0288,0.588202559821925,0.0549845837615622,0.21064027219301,0.510671203216826,0.0055675842870399,0.46135831381733,0.398711943793911,0,0.465279128574207,30.3,0.390390974518576,0.150943396226415,0.145107955650652,0.395837385722622,0.286325617584128,0.449063231850117,0.165105386416862,19688,0.131013745704467,0.500974279033515,0.0152224824355972,"2014",2014,3
"1434",6095252501,6684.333,0.624748490945674,0.0333333333333333,0.260567148207598,0.400214018191546,0.0133761369716426,0.263598326359833,0.434100418410042,0.0209205020920502,0.495529573590096,35.3,0.40474552957359,0.117606602475928,0.107634112792297,0.457015130674003,0.327716643741403,0.326359832635983,0.143305439330544,17635,0.194262295081967,0.512595837897043,0,"2014",2014,3
"1435",6095252502,6129.859,0.55448717948718,0.07703081232493,0.220833333333333,0.384722222222222,0.00972222222222222,0.355704697986577,0.395973154362416,0,0.556129638327853,31.4,0.484264913104744,0.202442461249413,0.0389854391733208,0.308595584781588,0.147956787224049,0.192953020134228,0.0654362416107383,14850,0.143546441495778,0.592245989304813,0,"2014",2014,3
"1436",6095252604,5170.004,0.534156378600823,0.0686767169179229,0.212285012285012,0.434398034398034,0,0.431447746883989,0.397890699904123,0,0.465818759936407,34.8,0.430842607313196,0.27758346581876,0.0572337042925278,0.299205087440382,0.212400635930048,0.355704697986577,0.151486097794823,17872,0.203454894433781,0.585868830290737,0,"2014",2014,3
"1437",6095252605,9551.889,0.333833833833834,0.111528822055138,0.312131919905771,0.338928150765607,0.00176678445229682,0.332977017637627,0.439337252805986,0.00374131480491716,0.491695501730104,29.1,0.382352941176471,0.147750865051903,0.0693771626297578,0.478892733564014,0.305363321799308,0.292357028327098,0.0972741849278461,17265,0.169421487603306,0.520855057351408,0.00374131480491716,"2014",2014,3
"1438",6095252606,10577.64,0.569874932028276,0.0607142857142857,0.295447870778267,0.405580029368576,0,0.370746268656716,0.435820895522388,0,0.49981301421092,34.6,0.424270755422588,0.18474195961107,0.0903141361256544,0.397531787584144,0.293567688855647,0.333134328358209,0.111641791044776,18238,0.203674121405751,0.45209862601167,0.00895522388059702,"2014",2014,3
"1439",6095252607,13666.84,0.533554266777133,0.0612244897959184,0.329986905281536,0.357485814054998,0,0.500444444444444,0.609777777777778,0,0.511716881874701,28.5,0.415351506456241,0.17455762792922,0.076518412242946,0.521520803443329,0.334050693448111,0.367111111111111,0.0613333333333333,14879,0.0946305156831473,0.56884765625,0,"2014",2014,3
"1440",6095252608,12196.26,0.594936708860759,0.0517241379310345,0.198251887167263,0.496622963845848,0,0.400477707006369,0.527070063694268,0,0.463565155471161,31.3,0.342273914075481,0.229527652504154,0.145027296463328,0.396629480180394,0.286968905767861,0.415605095541401,0.107484076433121,16735,0.12781954887218,0.488725373842867,0.0071656050955414,"2014",2014,3
"1441",6095252610,8265.815,0.963436928702011,0.0316265060240964,0.156626506024096,0.578795180722892,0,0.573044297832234,0.410933081998115,0,0.4418233981511,37.1,0.478163850812879,0.217405164169589,0.0911699075549888,0.277972585272553,0.165444692381256,0.673892554194157,0.226201696512724,29208,0.0965834428383706,0.190993292877675,0.0452403393025448,"2014",2014,6
"1442",6095252611,8631.589,0.566005176876618,0.0033003300330033,0.168449197860963,0.505882352941176,0,0.412115193644489,0.543197616683218,0,0.450427621159328,29.5,0.369337979094077,0.206525182134938,0.228698131137156,0.335445042762116,0.297751029458347,0.421052631578947,0.0377358490566038,16568,0.17866323907455,0.410892684498872,0,"2014",2014,3
"1443",6095252702,86.75153,0.826882177796682,0.033104309806371,0.0711952971913782,0.694317439581973,0.00217722621380361,0.523318385650224,0.494170403587444,0,0.49612948627727,34.5,0.326389866291344,0.184799437016186,0.3027445460943,0.200703729767769,0.245179451090781,0.56322869955157,0.194170403587444,28868,0.107972027972028,0.213494318181818,0.0461883408071749,"2014",2014,6
"1444",6095252703,7809.411,0.884105960264901,0.0404814004376368,0.148411371237458,0.687290969899666,0,0.537251655629139,0.540562913907285,0,0.494599346897764,31.9,0.283345892991711,0.249183622205476,0.240643054508917,0.249434815373022,0.23386083898518,0.58112582781457,0.0960264900662252,24755,0.0456802383316783,0.331822759315206,0.0248344370860927,"2014",2014,6
"1445",6095252704,9647.753,0.627288836385115,0.058980044345898,0.168780193236715,0.585748792270531,0,0.434146341463415,0.368292682926829,0,0.513216754778365,38.2,0.362342415616104,0.247458316388776,0.150467669784465,0.250915006100041,0.205368035786905,0.567682926829268,0.0670731707317073,24180,0.122044241037376,0.36376575843839,0.0109756097560976,"2014",2014,6
"1446",6095252705,8848.671,0.990513392857143,0.0993307502641775,0.11164917944579,0.631961259079903,0.00995426419155233,0.566590126291619,0.407003444316877,0,0.519247074783788,31.5,0.369340342547058,0.215363744276751,0.136001356622011,0.247753094793963,0.18789214855011,0.73134328358209,0.124569460390356,24754,0.0687397708674304,0.257293080054274,0.0574052812858783,"2014",2014,6
"1447",6095252706,2509.586,0.978595890410959,0.0603448275862069,0.0882932597556169,0.705163579030351,0.00512416239653134,0.714411247803163,0.503514938488576,0,0.514853857211308,34.7,0.521322472448491,0.111643507426929,0.17010062290369,0.281983708672736,0.22975563009104,0.780316344463972,0.130931458699473,27975,0.123254694270583,0.160538332131699,0.0773286467486819,"2014",2014,6
"1448",6095252707,3407.654,0.534857142857143,0.0849246231155779,0.128040973111396,0.608514724711908,0.0201664532650448,0.386126457949662,0.445058317986495,0.00368324125230203,0.461089885381058,33.5,0.374421878141967,0.242710637442188,0.121858033380253,0.2837321536296,0.171124069977881,0.639656230816452,0.116635972989564,23074,0.164518900343643,0.401367383872914,0.0368324125230203,"2014",2014,6
"1449",6095252801,3860.211,0.966224366706876,0.189066059225513,0.0243741765480896,0.810935441370224,0.00988142292490119,0.89225181598063,0.849878934624697,0,0.591819699499165,23,0.727601558152476,0.0678909293266555,0.0634390651085142,0.151363383416806,0.0676126878130217,0.0121065375302663,0.113801452784504,18176,0.0956848030018762,0.425314732902348,0,"2014",2014,2
"1450",6095252802,757.9008,0.677777777777778,0.49379932356257,0,0.843406593406593,0,0.771929824561403,0.578947368421053,0,0.605287146763901,22.3,0.733819507748405,0.175934366453965,0.0309936189608022,0.102096627164995,0.0282588878760255,0,0.0467836257309941,23264,0.0642201834862385,0.17558886509636,0,"2014",2014,2
"1451",6095252903,52.11587,0.936627906976744,0.0465227817745803,0.0562629552857566,0.782055078472017,0.020136215575955,0.683922046285018,0.28258221680877,0,0.515529308836395,49.4,0.833770778652668,0,0.0783027121609799,0.14676290463692,0.123797025371829,0.793544457978075,0.400730816077954,52350,0.0707201379905131,0.157559798112793,0.233861144945189,"2014",2014,1
"1452",6095252904,255.3525,0.698096101541251,0,0.0659090909090909,0.716414141414141,0.00404040404040404,0.591244466305952,0.23413674372848,0.00393507132316773,0.518045935107546,41.4,0.658220925993438,0.0710900473933649,0.0873131607728764,0.24115931461903,0.142362376959533,0.695031972454501,0.193802262666011,37593,0.118525579917382,0.0939438161255016,0.0506640432857846,"2014",2014,6
"1453",6095252908,8718.585,0.640148698884758,0.0189599133261105,0.0683311432325887,0.639071397284275,0.00569426193604906,0.459459459459459,0.424242424242424,0,0.44854737985338,29.8,0.714363290795547,0.038284007602498,0.0518598968232419,0.17865870214499,0.094488188976378,0.506961506961507,0.146601146601147,28275,0.113492450073064,0.229740791268759,0.0155610155610156,"2014",2014,6
"1454",6095252909,1457.448,0.971894832275612,0.0292834890965732,0.0594831789371039,0.720624085811799,0.0068259385665529,0.657298277425204,0.352674524025385,0,0.484915147705845,40.6,0.771841609050911,0.052482715273413,0.0245128849780013,0.227529855436832,0.0631678189817725,0.779691749773345,0.191296464188577,33072,0.0908077994428969,0.0895663104965431,0.0389845874886673,"2014",2014,6
"1455",6095252910,9320.04,0.849066128218072,0.00994513031550069,0.0532700421940928,0.701476793248945,0.00870253164556962,0.649452269170579,0.406364110589463,0,0.502431661915143,33.4,0.715076303873889,0.0623847056850579,0.0620493040415898,0.198557772933087,0.088881435519034,0.672926447574335,0.140845070422535,30929,0.10915382195659,0.217273954116059,0.0605112154407929,"2014",2014,6
"1456",6095252911,2888.405,0.658715596330275,0.00881057268722467,0.107229500242601,0.54973313925279,0.00630761766132945,0.271338054416698,0.0920611256056653,0.00782705926202013,0.373166064214331,66,0.853285137146502,0.0244524771422496,0.0182862002976823,0.08739102700404,0.0958962364448225,0.573984345881476,0.233320909429743,34199,0.0424354243542435,0.298192115007624,0.0279537830786433,"2014",2014,1
"1457",6095252912,5972.72,0.937372708757637,0.0508765898934342,0.0358851674641148,0.769537480063796,0.00531632110579479,0.703488372093023,0.380549682875264,0.0433403805496829,0.489953632148377,40.4,0.698093766099948,0.0635411300017173,0.148892323544565,0.123819337111455,0.145629400652585,0.770084566596195,0.276955602536998,39593,0.0950628641521006,0.0762493560020608,0.141649048625793,"2014",2014,1
"1458",6095252913,7272.536,0.965597667638484,0.0287947346770876,0.0378395860284605,0.739003880983182,0.00291073738680466,0.571598336304219,0.388591800356506,0,0.49207655896275,39.2,0.718666392261782,0.0710022638402964,0.0839678946285244,0.165054537970776,0.116896480757357,0.679144385026738,0.18716577540107,32493,0.072912731394031,0.0689442272072443,0.0065359477124183,"2014",2014,6
"1459",6095252914,5704.693,0.824908806670141,0.0143056524773203,0.0526315789473684,0.766590389016018,0,0.385535617183252,0.485046220772159,0,0.518682065217391,33,0.582880434782609,0.0896739130434783,0.125849184782609,0.25492527173913,0.146059782608696,0.667754214246873,0.139749864056552,31019,0.116910866910867,0.20785847933322,0.101141924959217,"2014",2014,6
"1460",6095252915,725.2919,1,0.0111821086261981,0.0342026507054297,0.852073535699017,0,0.708407871198569,0.534883720930233,0,0.470164097463948,33.6,0.466434609646942,0.163351566384883,0.212829438090502,0.171556439582297,0.182247637991049,0.931127012522361,0.255813953488372,41554,0.0892337536372454,0.0701143709597215,0.16994633273703,"2014",2014,6
"1461",6095253101,2172.237,0.782220131702728,0.0594145915246833,0.131982633863965,0.598263386396527,0,0.484226339509264,0.374561842764146,0,0.474737845567207,35.4,0.818875119161106,0.0396568160152526,0.0242135367016206,0.299332697807436,0.15767397521449,0.550826239359039,0.235353029544316,30085,0.108877086494689,0.302013422818792,0.071106659989985,"2014",2014,6
"1462",6095253105,5855.131,0.349206349206349,0.0487106017191977,0.0805388363427916,0.704213241616509,0.0283748925193465,0.289473684210526,0.269524617996604,0.00848896434634975,0.489570333392762,29.4,0.621679443751114,0.0859333214476734,0.0766625066856837,0.313959707612765,0.103761811374577,0.319609507640068,0.0899830220713073,29831,0.117700180614088,0.338206453913354,0.0424448217317487,"2014",2014,6
"1463",6095253106,7504.026,0.598323170731707,0,0.125129265770424,0.612719751809721,0,0.388341543513957,0.270114942528736,0,0.481060606060606,29.1,0.726641414141414,0.0924873737373737,0.0277777777777778,0.284090909090909,0.0874368686868687,0.486863711001642,0.083743842364532,27468,0.0886235072281584,0.232638888888889,0.0254515599343186,"2014",2014,6
"1464",6095253107,6028.557,0.59038619556286,0.0217108119843682,0.139069111424542,0.613540197461213,0,0.385341726618705,0.414118705035971,0,0.5022807906741,32.2,0.601621895590471,0.0505152897448893,0.0748437236019598,0.322013853691502,0.0856563608717689,0.505845323741007,0.0971223021582734,28086,0.109486166007905,0.281414725386839,0.0314748201438849,"2014",2014,6
"1465",6095253108,1284.301,0.620347394540943,0.0351861295257522,0.120820920225091,0.566037735849057,0,0.419146183699871,0.276196636481242,0,0.580429948109711,40.4,0.657276995305164,0.134173461823573,0.0494193229552755,0.183345688164072,0.152211514702249,0.563389391979301,0.141655886157827,33659,0.123914037494284,0.200106016432547,0.0633893919793014,"2014",2014,6
"1466",6095253201,2325.556,0.98471615720524,0.0216900135562585,0.0456868049293658,0.730387736699729,0.00541027953110911,0.59106334841629,0.250565610859729,0,0.503102836879433,47.3,0.825132978723404,0.044104609929078,0.0250443262411348,0.163785460992908,0.0797872340425532,0.84841628959276,0.307692307692308,42506,0.100572363041701,0.0987133984028394,0.0797511312217195,"2014",2014,6
"1467",6095253203,5995.796,0.822277847309136,0.0445986124876115,0.139614074914869,0.562996594778661,0.012107453651154,0.422,0.315333333333333,0.00666666666666667,0.542038515735087,34.9,0.786284640676374,0.0338186942226397,0.0216063879755754,0.367073743541569,0.0704556129638328,0.565333333333333,0.195333333333333,27637,0.110434782608696,0.284309021113244,0.0413333333333333,"2014",2014,6
"1468",6095253204,3132.715,0.680192848533548,0.0192869666861484,0.252056119980648,0.555152394775036,0,0.597612958226769,0.420289855072464,0,0.466154300916346,31.8,0.636712976647946,0.0823233816139521,0.0508424475317765,0.376293230860183,0.279485663612179,0.503410059676044,0.172208013640239,30555,0.0661246612466125,0.304315696127697,0.0869565217391304,"2014",2014,6
"1469",6095253205,3591.298,0.708989805375348,0.157928388746803,0.197439684884293,0.590841949778434,0,0.593,0.564,0,0.537548315847598,30.2,0.523467697404749,0.0287134180011044,0.0911098840419658,0.270844837106571,0.152125897294313,0.537,0.145,26592,0.140837411636759,0.316675869685257,0.066,"2014",2014,6
"1470",6095253206,2222.015,0.967961165048544,0.0293896006028636,0.065331928345627,0.718124341412013,0,0.658252427184466,0.439805825242718,0,0.485284499672989,36.3,0.81621975147155,0.012753433616743,0.0745585349901897,0.156638325703074,0.0817527795945062,0.768932038834951,0.396116504854369,38913,0.142222222222222,0.0748855461085677,0.13495145631068,"2014",2014,6
"1471",6095253300,18.14803,0.764432029795158,0.191535150645624,0.285911602209945,0.45902394106814,0.0244014732965009,0.683467741935484,0.408266129032258,0.00806451612903226,0.530947775628627,41.7,0.731141199226306,0.00967117988394584,0.0257898130238556,0.410058027079304,0.216312056737589,0.484879032258065,0.199596774193548,29329,0.0875399361022364,0.384067357512953,0.0725806451612903,"2014",2014,6
"1472",6095253402,1058.305,0.74897792313982,0.0297758447641352,0.234659635666347,0.478427612655801,0,0.502572898799314,0.46483704974271,0.00857632933104631,0.495176848874598,31.9,0.790119847997662,0.00993861444022216,0.00175387313650979,0.410990938322128,0.191172171879567,0.55746140651801,0.147941680960549,24260,0.140983606557377,0.390197512801756,0.0308747855917667,"2014",2014,6
"1473",6095253403,1770.616,0.926470588235294,0.0103000447828034,0.138168690515261,0.651460452904496,0.00886117492615688,0.636132315521629,0.463740458015267,0.00381679389312977,0.554392892398815,33.7,0.694768015794669,0.0339585389930898,0.0146100691016782,0.381046396841066,0.153800592300099,0.804071246819338,0.270992366412214,30973,0.0853705859526581,0.257255676209279,0.0788804071246819,"2014",2014,6
"1474",6095253404,6488.993,0.657391304347826,0.0380678182981446,0.156937073540561,0.565579984836998,0.0141521354561537,0.59448275862069,0.582528735632184,0,0.452040816326531,29.7,0.713848396501458,0.047667638483965,0.0416909620991254,0.388629737609329,0.156997084548105,0.619770114942529,0.11448275862069,25400,0.090463843272832,0.278795038393385,0.04,"2014",2014,6
"1475",6095253500,40.282,0.89399953303759,0.0564516129032258,0.111755552411939,0.638421275993776,0.0121657943131985,0.540443070582174,0.192168985059248,0,0.459215511477602,53.4,0.77200802317807,0.058390907064854,0.0655226209048362,0.157343436594607,0.122576331624694,0.683668212261721,0.325090159711489,31454,0.219340287566958,0.305395317271802,0.00978876867594024,"2014",2014,6
"1476",6097150100,42.5865,0.896729776247849,0.0459363957597173,0.0545094152626363,0.730921704658077,0.00941526263627354,0.51830985915493,0.180281690140845,0.00563380281690141,0.502755905511811,50.3,0.923228346456693,0,0.0094488188976378,0.12992125984252,0.0948818897637795,0.744600938967136,0.494835680751174,65716,0.0309973045822102,0.126883425852498,0.221596244131455,"2014",2014,1
"1477",6097150202,459.9638,0.743406985032074,0.110081541882876,0.0528654970760234,0.790175438596491,0.0224561403508772,0.531585220500596,0.172030194676202,0.00437028208184346,0.504547044421126,48.6,0.777019937040923,0,0.0167890870933893,0.245540398740818,0.11262679258482,0.67103694874851,0.433452522844656,48680,0.0364145658263305,0.324599964832073,0.11481922924116,"2014",2014,6
"1478",6097150203,2849.646,0.673109243697479,0.0814696485623003,0.0545354891751165,0.744039462866539,0.0145245272677446,0.425436632333184,0.205553067622033,0,0.464853977844914,49.9,0.863645518630413,0.00221550855991944,0.0094662638469285,0.184692849949648,0.11238670694864,0.468875951634572,0.291088222122705,35213,0.133362871067789,0.151196369636964,0.0600089565606807,"2014",2014,6
"1479",6097150204,3705.98,0.803400637619554,0.0949839914621131,0.0513884455793169,0.817427385892116,0.010213852537504,0.440835266821346,0.216937354988399,0.00812064965197216,0.462136929460581,51.9,0.93801867219917,0.0020746887966805,0.0261929460580913,0.0412344398340249,0.0780601659751037,0.569605568445476,0.423433874709977,55991,0.0647655872402127,0.184351554126474,0.1415313225058,"2014",2014,1
"1480",6097150303,187.5529,0.883373688458434,0.102892102335929,0.0759493670886076,0.750558451228593,0.0317696698932738,0.487595850248083,0.0703653585926928,0.020297699594046,0.517784781629896,61.8,0.921882035119316,0.0114813147230977,0.0119315623592976,0.107384061233679,0.110310670868978,0.775823184483536,0.520523229589535,72598,0.108134920634921,0.248442906574394,0.161930536761389,"2014",2014,1
"1481",6097150304,5412.105,0.760636182902585,0.0627737226277372,0.255653415853368,0.581290169007379,0.00714115686741252,0.535166816952209,0.412984670874662,0.00946798917944094,0.457423580786026,34.8,0.775109170305677,0.00218340611353712,0.0149719276356831,0.452588895820337,0.268247036805989,0.521190261496844,0.252028854824166,28096,0.0713813615333774,0.415283432508613,0.0568079350766456,"2014",2014,6
"1482",6097150305,5180.362,0.5712,0.0671618693902817,0.486090412319921,0.362642821659215,0.00546448087431694,0.633315008246289,0.480483782297966,0.0181418361737218,0.536656441717791,29.9,0.68680981595092,0.00460122699386503,0.0450920245398773,0.698159509202454,0.452300613496933,0.449147883452446,0.169873556899395,20295,0.0866721177432543,0.488314883148831,0.0500274876305662,"2014",2014,5
"1483",6097150306,859.5521,0.868942731277533,0.0630455868089234,0.158355795148248,0.695754716981132,0.0101078167115903,0.485106382978723,0.308206686930091,0.0194528875379939,0.511347517730496,41,0.843971631205674,0.000472813238770686,0.0274231678486998,0.314893617021277,0.206855791962175,0.631003039513678,0.229179331306991,35100,0.107901444350042,0.280834914611006,0.110030395136778,"2014",2014,6
"1484",6097150500,125.8755,0.857699805068226,0.136034732272069,0.0994589023447565,0.687194022159237,0.0244782272610152,0.427936821322804,0.183119447186575,0,0.523638539796529,52.1,0.887293038100938,0.0183522840614403,0.0343107919409535,0.0803909834430481,0.0696189906243766,0.639684106614018,0.34995064165844,45690,0.0669662921348315,0.223790741125182,0.110562685093781,"2014",2014,6
"1485",6097150601,8587.542,0.803751803751804,0.0523993381136238,0.216770413767851,0.540095203222263,0,0.566051660516605,0.440590405904059,0.00664206642066421,0.478692493946731,37.2,0.756174334140436,0,0.0368038740920097,0.360532687651332,0.242857142857143,0.677490774907749,0.222140221402214,27220,0.107752315943442,0.319128329297821,0.0140221402214022,"2014",2014,6
"1486",6097150602,6182.999,0.989789406509253,0.0353982300884956,0.0984509466437177,0.622030981067126,0.00240963855421687,0.647664835164835,0.296703296703297,0.00480769230769231,0.488337095560572,41.9,0.850764986205167,0.00300978179082017,0.0504138449962378,0.193880110358666,0.165537998495109,0.901785714285714,0.348214285714286,33181,0.0745941202281702,0.132179583646852,0.0343406593406593,"2014",2014,6
"1487",6097150603,5087.727,0.729022884126408,0.0332316039335368,0.177472984206151,0.591645885286783,0.0058187863674148,0.44064465408805,0.310141509433962,0.00471698113207547,0.480017631501616,41,0.813399941228328,0,0.0625918307375845,0.2606523655598,0.212606523655598,0.571933962264151,0.240566037735849,31065,0.0927407407407407,0.238229615327491,0.0381289308176101,"2014",2014,6
"1488",6097150607,1248.736,0.94874532835024,0.0605316973415133,0.0430297671676982,0.72561155319776,0,0.674291938997821,0.414488017429194,0,0.475042063937185,42.1,0.812862217236867,0.00280426247896803,0.0822583660497289,0.101327350906712,0.132548139839222,0.772331154684096,0.328976034858388,40577,0.118973291710024,0.0916997542068444,0.125816993464052,"2014",2014,6
"1489",6097150609,4906.125,0.617328519855596,0.0871491875923191,0.0979428922321154,0.696039299969297,0.00184218606079214,0.417372881355932,0.235169491525424,0,0.439651216154199,47.7,0.801743919229004,0.00160624139513538,0.0821477742083525,0.2088113813676,0.203992657182194,0.741525423728814,0.323093220338983,30625,0.0830809173517958,0.300367140890317,0.0158898305084746,"2014",2014,6
"1490",6097150610,8137.838,0.98768115942029,0.0681481481481482,0.0913461538461538,0.724852071005917,0.00332840236686391,0.646376811594203,0.439130434782609,0.0123188405797101,0.543160377358491,39,0.788679245283019,0.0035377358490566,0.0514150943396226,0.166745283018868,0.146698113207547,0.794927536231884,0.238405797101449,32374,0.0543875685557587,0.241981132075472,0.0739130434782609,"2014",2014,6
"1491",6097150611,3645.23,0.705350938151494,0.0091533180778032,0.112495134293499,0.722070844686649,0.00311405216037369,0.432357043235704,0.425383542538354,0.0153417015341702,0.495311372926184,36.2,0.726376532820389,0.0382303438326521,0.079586439047848,0.309449386871844,0.241404183698004,0.587866108786611,0.217573221757322,32767,0.0701535907015359,0.333980111569246,0.0913528591352859,"2014",2014,6
"1492",6097150612,61.50617,0.810052600818235,0.0414788097385032,0.0429634641407307,0.727334235453315,0.0108254397834912,0.668383773341919,0.345782356728912,0.00450740502253703,0.493812181509342,45.9,0.854889589905363,0,0.0538704198010192,0.134918709051201,0.108711477796651,0.745009658725048,0.33354797166774,46062,0.0325238508239376,0.0977388767323122,0.165486155827431,"2014",2014,6
"1493",6097150701,3745.287,0.725328147788041,0.0975873244508462,0.130727413927,0.719389075847787,0.0310639399430494,0.306081754735793,0.265702891326022,0.0094715852442672,0.480522129308587,42.5,0.694676728533551,0.0157046706098307,0.053844584947991,0.292881909035284,0.22292473995513,0.43369890329013,0.311565304087737,38418,0.0643776824034335,0.241293532338308,0.0937188434695912,"2014",2014,6
"1494",6097150702,619.2467,0.961748633879781,0.0488926034266611,0.031223145230593,0.796619879690633,0.0146089945574334,0.694509345794392,0.338200934579439,0.00408878504672897,0.498462799754048,45,0.877023980323837,0.00635376101660176,0.0270547243287559,0.179340028694405,0.136708341873335,0.769275700934579,0.420560747663551,46290,0.0670454545454545,0.167556468172485,0.190420560747664,"2014",2014,6
"1495",6097150800,988.6476,0.791826923076923,0.115224782772951,0.0848813209494324,0.70485036119711,0.0121259029927761,0.533609100310238,0.351085832471562,0.00723888314374354,0.449753507773986,42.4,0.782897231702692,0.0111869548729617,0.0290102389078498,0.187523701175578,0.17292377701934,0.517580144777663,0.298862461220269,35807,0.083956492182189,0.258517034068136,0.10134436401241,"2014",2014,6
"1496",6097150901,4829.609,0.605074198180948,0.109152288072018,0.237446808510638,0.583829787234043,0,0.393909136295557,0.348976535197204,0.0134797803295057,0.488732648278349,33,0.765278528934559,0.0133405444384352,0.0219938705606634,0.38939967550027,0.237605913106184,0.473290064902646,0.206190713929106,30867,0.0993480285625582,0.41211465657112,0.0419370943584623,"2014",2014,6
"1497",6097150902,3542.925,0.879616963064295,0.103872157344806,0.047427652733119,0.760852090032154,0.0144694533762058,0.450924608819346,0.290896159317212,0,0.444311017712399,42.3,0.924347042930051,0.000900630441308916,0.0132092464725308,0.122485740018013,0.0666466526568598,0.704836415362731,0.430298719772404,37910,0.0621152770005596,0.177904876580373,0.077524893314367,"2014",2014,1
"1498",6097151000,614.1039,0.898011545862733,0.0324189526184539,0.106709493219129,0.663454675231977,0.00321199143468951,0.544277929155313,0.210490463215259,0,0.501749663526245,47.5,0.897981157469717,0.0185733512786003,0.0328398384925976,0.180619111709287,0.158277254374159,0.540871934604905,0.329700272479564,38602,0.0955914447839371,0.176904176904177,0.0960490463215259,"2014",2014,6
"1499",6097151100,118.0822,0.882293252156266,0.0818949687844289,0.097444089456869,0.67678381256656,0.0114483493077742,0.593139841688654,0.316094986807388,0.0116094986807388,0.500273074822501,40.9,0.846896049517568,0.00746404514837065,0.0289459311851447,0.156016748589113,0.0881121427271072,0.601583113456464,0.332981530343008,37502,0.117585484996511,0.22573277502855,0.107651715039578,"2014",2014,6
"1500",6097151201,633.8254,0.526996443582283,0.0291106845809341,0.140243902439024,0.661991869918699,0,0.38718760999648,0.30658218936994,0.0288630763815558,0.511791774518263,42.5,0.742018981880932,0.0248777681909692,0.0324992809893586,0.24762726488352,0.180471670980731,0.547694473776839,0.226680746216121,33401,0.117069062324537,0.321963154864709,0.038718760999648,"2014",2014,6
"1501",6097151203,5286.041,0.807403701850925,0.0298324478953821,0.0796147672552167,0.688282504012841,0.0105939004815409,0.422440537745605,0.304550155118925,0.00258531540847983,0.470647366304785,36.4,0.845798150381986,0.00784077201447527,0.0335745878568557,0.140932850824286,0.107358262967431,0.568769389865564,0.18459152016546,31222,0.124350536889505,0.23059911540008,0.0486039296794209,"2014",2014,6
"1502",6097151204,2700.946,0.654642618570474,0.0484048404840484,0.127150650440621,0.674779689467058,0.019723038187159,0.406515580736544,0.343484419263456,0.0127478753541076,0.501298701298701,34.9,0.767099567099567,0.068975468975469,0.0432900432900433,0.174025974025974,0.137662337662338,0.597733711048159,0.275495750708215,31771,0.129839471199245,0.303354540196645,0.0757790368271955,"2014",2014,6
"1503",6097151301,10481.81,0.606459330143541,0.0278730703259005,0.23840830449827,0.5,0,0.39874213836478,0.381132075471698,0,0.466023489932886,30.6,0.739723154362416,0.0245385906040268,0.03125,0.379823825503356,0.247692953020134,0.486163522012579,0.183647798742138,22828,0.125045972784112,0.347670250896057,0.0132075471698113,"2014",2014,5
"1504",6097151305,8108.636,0.317083333333333,0.0771929824561404,0.13700051894136,0.634924753502854,0.00752464971458225,0.307364836100468,0.263516389953172,0.0131971051511281,0.409239130434783,34,0.692753623188406,0.0369565217391304,0.0443840579710145,0.324094202898551,0.186050724637681,0.247339293316305,0.130268199233716,22767,0.0741869918699187,0.469603203494722,0.0042571306939123,"2014",2014,5
"1505",6097151306,7673.323,0.524984577421345,0.0255874673629243,0.0946466809421842,0.667237687366167,0.00770877944325482,0.404980340760157,0.17562254259502,0,0.459745762711864,40.6,0.818704600484262,0.00665859564164649,0.098365617433414,0.152239709443099,0.175242130750605,0.573394495412844,0.166448230668414,31596,0.0831429876656007,0.26725181598063,0.0301441677588467,"2014",2014,6
"1506",6097151307,2968.063,0.889505549949546,0.0395749358739465,0.0892645314353499,0.68208778173191,0.00593119810201661,0.517147523135547,0.316276537833424,0.0146978769733261,0.508942457231726,34,0.776827371695179,0.00933125972006221,0.0493779160186625,0.191679626749611,0.114696734059098,0.737071311921611,0.242787152966794,33466,0.0804411287706779,0.210075860727485,0.0473598258029396,"2014",2014,6
"1507",6097151308,4185.439,0.455269320843091,0.0598251265531523,0.126511353583014,0.695075199056326,0.0112061338838101,0.377162629757785,0.204152249134948,0,0.51039501039501,38.7,0.803950103950104,0.0274428274428274,0.0841995841995842,0.173388773388773,0.134511434511435,0.500247157686604,0.366782006920415,28483,0.10637417218543,0.315022888056596,0.0197726149283243,"2014",2014,6
"1508",6097151309,375.0819,0.799190692969145,0.0328425821064553,0.139867549668874,0.682649006622517,0.0307284768211921,0.419304618578101,0.298910223144785,0.01712506486767,0.490717703349282,39.4,0.863349282296651,0.0181818181818182,0.0380861244019139,0.190813397129187,0.109090909090909,0.649195640892579,0.247016087182148,30878,0.136005048911329,0.246698564593301,0.0238713025428127,"2014",2014,6
"1509",6097151310,6428.34,0.645431145431145,0.165725806451613,0.103793247186328,0.667778240933722,0.0070862859524802,0.472334682860999,0.356950067476383,0,0.421708837550422,22.6,0.681151448478181,0.0341034103410341,0.074990832416575,0.234873487348735,0.113494682801613,0.489203778677463,0.182860998650472,23077,0.113010115102895,0.264243614931238,0.0236167341430499,"2014",2014,6
"1510",6097151311,4377.569,0.775233248515691,0.0501311570970563,0.0433081866443141,0.742106733724504,0.00782341436155351,0.376521739130435,0.365217391304348,0,0.385365164571267,25.4,0.80915383528747,0.00409662381692329,0.0507133775957056,0.159203277299054,0.0685125017657861,0.597826086956522,0.149130434782609,27788,0.0825958702064897,0.304421528464472,0.05,"2014",2014,6
"1511",6097151401,1534.204,0.842338352524358,0.0541420118343195,0.257572306991574,0.530858574356639,0,0.500893655049151,0.480339588918677,0,0.522202486678508,31,0.600901762535866,0,0.0560185817734663,0.525618253859817,0.302090449514961,0.456657730116175,0.177837354781055,21235,0.0863174772848744,0.468966472707121,0.0129579982126899,"2014",2014,5
"1512",6097151402,2697.546,0.273869346733668,0.0667842741935484,0.232100840336134,0.49546218487395,0.00521008403361345,0.356253704801423,0.338470657972733,0.004149377593361,0.485642537394912,32.5,0.595152309204062,0.0266404629326346,0.0245660006550934,0.475706954907741,0.288022709902828,0.425903971547125,0.159751037344398,21781,0.076824309865183,0.465141731421692,0.0328986366330765,"2014",2014,5
"1513",6097151502,661.29,0.677618737800911,0.0587014527127186,0.0268347225045741,0.779223419394186,0.0323236430168733,0.391568296795953,0.276559865092749,0,0.492381367000435,43.9,0.803221593382673,0.0235089246843709,0.0396168915977362,0.158322449571905,0.087940792337832,0.531871838111298,0.342664418212479,36154,0.0817099567099567,0.246734397677794,0.0738617200674536,"2014",2014,6
"1514",6097151503,614.8649,0.993036211699164,0.0256410256410256,0.019558131111916,0.891705903658095,0.0416515755161173,0.720029239766082,0.22953216374269,0.0160818713450292,0.489942528735632,54.9,0.956609195402299,0,0.0278735632183908,0.0416666666666667,0.0727011494252874,0.941520467836257,0.629385964912281,63261,0.0385572139303483,0.0681034482758621,0.180555555555556,"2014",2014,1
"1515",6097151504,5802.242,0.946362968405584,0.0871188550093342,0.0559030492572322,0.758405003909304,0.019546520719312,0.561324303987961,0.348382242287434,0,0.491253226268999,46,0.859191281904216,0.0226555778606252,0.022368798394035,0.156294809291655,0.0889016346429596,0.767494356659142,0.417607223476298,38933,0.116013071895425,0.126225126225126,0.0647103085026336,"2014",2014,6
"1516",6097151601,121.9118,0.890470974808324,0.106471816283925,0.0165906262961427,0.83492326835338,0.0406470344255496,0.505277044854881,0.00593667546174142,0,0.435458786936236,71.6,0.926905132192846,0.00194401244167963,0.0237169517884914,0.0334370139968896,0.101477449455677,0.769788918205805,0.62335092348285,43075,0.112852664576803,0.154601226993865,0.0389182058047493,"2014",2014,1
"1517",6097151602,250.6952,0.969246031746032,0.0218446601941748,0.0175438596491228,0.828947368421053,0.0182186234817814,0.539488320355951,0.0472747497219132,0.010567296996663,0.448673946957878,67.8,0.972542901716069,0,0.00374414976599064,0.0196567862714509,0.075195007800312,0.877641824249166,0.617352614015573,55484,0.128042328042328,0.0957878315132605,0.115684093437152,"2014",2014,1
"1518",6097151700,3615.16,0.540343915343915,0.0436796823295831,0.0646958011996572,0.793273350471294,0.0147814910025707,0.424253328535444,0.297589060813242,0,0.476518931611388,39.3,0.811564426181391,0.0137951276783094,0.0435867331963604,0.196066921044908,0.112415614910478,0.444044620367039,0.346527527887729,32760,0.105263157894737,0.293858984078848,0.0572148254767902,"2014",2014,6
"1519",6097151800,5571.949,0.913649025069638,0.0846508563899868,0.0656934306569343,0.737956204379562,0.00194647201946472,0.429273084479371,0.284381139489195,0.00736738703339882,0.488852036115718,40.5,0.911553344389165,0,0.033167495854063,0.153676064123825,0.0530679933665008,0.594302554027505,0.325638506876228,31255,0.0784487862640616,0.172295363480252,0.0245579567779961,"2014",2014,6
"1520",6097151900,8821.94,0.66904422253923,0.147766323024055,0.200168918918919,0.588682432432432,0.0173141891891892,0.317000742390497,0.249443207126949,0.022271714922049,0.466926070038911,38.1,0.737204429811434,0.0146662675845555,0.0131697096677641,0.340915893445076,0.237354085603113,0.305122494432071,0.174461766889384,22843,0.10451170759566,0.514631043256997,0.00593912397921307,"2014",2014,6
"1521",6097152000,3831.141,0.216535433070866,0.198039215686275,0.179985063480209,0.640029873039582,0,0.158536585365854,0.160753880266075,0.00554323725055432,0.535353535353535,35.4,0.750132908027645,0.0260499734183945,0.00797448165869218,0.253056884635832,0.131844763423711,0.114190687361419,0.117516629711752,26015,0.191154422788606,0.408751334044824,0.00997782705099778,"2014",2014,6
"1522",6097152100,3941.581,0.609195402298851,0.108532934131737,0.176873661670236,0.609850107066381,0,0.303639846743295,0.183908045977011,0,0.587378640776699,33.9,0.735740291262136,0.0358009708737864,0.0406553398058252,0.243628640776699,0.110133495145631,0.510536398467433,0.231800766283525,22363,0.133162612035851,0.39010989010989,0.010536398467433,"2014",2014,6
"1523",6097152201,8003.387,0.678240740740741,0.132388861748901,0.060024499795835,0.789301755818702,0.0118415679869334,0.251752708731676,0.253027405991077,0.0127469725940089,0.533852767329393,34.9,0.799301450832886,0.0314347125201505,0.0370768404083826,0.125470177324019,0.149650725416443,0.35691523263225,0.220522625876354,26754,0.0974137931034483,0.432731194392019,0,"2014",2014,6
"1524",6097152202,5763.564,0.533819628647215,0.0084985835694051,0.0776106387617179,0.75997383911053,0.00697623719206453,0.353798126951093,0.218869233437392,0.00381546999653139,0.478451069345431,42.3,0.780784186649384,0.0233311730395334,0.0353208036292936,0.190375891121192,0.100453661697991,0.499479708636837,0.372528616024974,33741,0.113125209801947,0.268773415865776,0.0353798126951093,"2014",2014,6
"1525",6097152203,6632.71,0.633423180592992,0.090958904109589,0.0392082223068139,0.751808146174343,0.00913589645984012,0.301240401653869,0.187832250443001,0.0177200236266982,0.445134575569358,43.9,0.892931085477669,0.0476190476190476,0.0209997042295179,0.0837030464359657,0.095829636202307,0.346131128174838,0.25989367985824,37250,0.0998071359691418,0.342797988760722,0.0513880685174247,"2014",2014,6
"1526",6097152300,3310.078,0.87551652892562,0.0565195835399108,0.0320317266625991,0.860280658938377,0.0320317266625991,0.49238845144357,0.237795275590551,0.0136482939632546,0.435066396578888,49,0.890839522844925,0.0092279990997074,0.0274589241503489,0.0938555030384875,0.0769750168804862,0.728608923884514,0.453018372703412,43065,0.0913419913419913,0.163611676849966,0.109186351706037,"2014",2014,1
"1527",6097152400,1208.459,0.781180151989271,0.01657824933687,0.0535543076290919,0.828379674017258,0.0302698260512259,0.594351107864621,0.278305332359386,0.00535670805941076,0.483640081799591,49.4,0.798977505112474,0.00889570552147239,0.0920245398773006,0.101124744376278,0.160429447852761,0.762600438276114,0.514974433893353,63209,0.0775193798449612,0.0827900238021318,0.220842464085707,"2014",2014,1
"1528",6097152501,5434.176,0.619354838709677,0.0343853038153556,0.0683962264150943,0.714959568733154,0.00606469002695418,0.456129433727442,0.296826384567517,0.00871188550093342,0.489234449760766,38.6,0.867703349282297,0.0160287081339713,0.00837320574162679,0.128947368421053,0.0954545454545455,0.448662103298071,0.225886745488488,30570,0.0692144373673036,0.240423994218261,0.0435594275046671,"2014",2014,6
"1529",6097152502,4919.048,0.646223369916075,0.0277435265104809,0.0605686032138443,0.684796044499382,0.00659250103007829,0.442748091603053,0.336571825121443,0.0104094378903539,0.47720103240608,37.7,0.857183825638084,0.00516203039862346,0.0355606538571838,0.219673071408087,0.120447375967881,0.684941013185288,0.263705759888966,30645,0.0970420342501297,0.256678281068525,0.0333102012491325,"2014",2014,6
"1530",6097152600,167.6268,0.97974381888591,0.0329856216521004,0.0217883911451978,0.857591075474987,0.015861948753704,0.632002575660013,0.291693496458467,0.0125563425627817,0.478774177342376,48.3,0.876412961567445,0.00376789751318764,0.0487314745038935,0.104119567947752,0.0901783471489575,0.86381197681906,0.465872504829363,49028,0.0832276072062928,0.124497487437186,0.150354153251771,"2014",2014,6
"1531",6097152701,571.0486,0.681585081585082,0,0.0781578947368421,0.778421052631579,0.00368421052631579,0.48031113271755,0.285853184248906,0.00972289742343218,0.510545316359491,44,0.861865855975679,0.00893026790803724,0.0324909747292419,0.0904427132813984,0.0687820634619039,0.724842002916869,0.298006806028196,36646,0.147540983606557,0.282426778242678,0.0923675255226057,"2014",2014,6
"1532",6097152702,695.6135,0.618819011041767,0.0416494845360825,0.133592736705577,0.633981841763943,0.0282749675745785,0.402414486921529,0.325955734406439,0.00603621730382294,0.562477558348294,35.7,0.773967684021544,0.0344703770197487,0.0236983842010772,0.238599640933573,0.0938958707360862,0.518108651911469,0.23943661971831,33109,0.117625899280576,0.330255402750491,0.0583501006036217,"2014",2014,6
"1533",6097152801,2681.745,0.8101644245142,0.0216388790351188,0.0995587424158853,0.687810259238831,0.0129619415333701,0.537065837221358,0.353551062726801,0,0.509188787822536,39.5,0.79506218674587,0.00816781139780954,0.0504919250046408,0.218117690736959,0.131241878596622,0.697770865733541,0.219284603421462,31800,0.0629074315514993,0.250744601638124,0.0440642820114049,"2014",2014,6
"1534",6097152802,8694.386,0.236659736659737,0.0786917098445596,0.286911231884058,0.515172101449275,0.00249094202898551,0.251891891891892,0.341261261261261,0.00396396396396396,0.546335116379933,32.8,0.711580164811334,0.0770565273962701,0.0388896920630331,0.412317478675726,0.285239265577563,0.212612612612613,0.17009009009009,19732,0.133148404993065,0.45482145438774,0,"2014",2014,5
"1535",6097152903,8086.227,0.692164179104478,0.0393843368039837,0.36078431372549,0.392483660130719,0.011437908496732,0.550331125827815,0.445695364238411,0.00463576158940397,0.478702993092863,31.8,0.661166538756715,0.0324251726784344,0.0894090560245587,0.576170376055257,0.349577897160399,0.397350993377483,0.162251655629139,19035,0.123244929797192,0.588839372214687,0.0377483443708609,"2014",2014,5
"1536",6097152904,5724.994,0.753630705394191,0.0171073094867807,0.117223502304147,0.663594470046083,0.0048963133640553,0.468879668049793,0.301348547717842,0,0.512664441390143,36.7,0.813076772040055,0.0420184567052818,0.0217946200667583,0.221480463381111,0.128215197329668,0.537863070539419,0.233921161825726,32175,0.0674740484429066,0.227075954348682,0.0487551867219917,"2014",2014,6
"1537",6097152905,8784.242,0.64124466137889,0.032520325203252,0.144881331916401,0.559334041799504,0.00425079702444208,0.424337957124842,0.32156368221942,0.00504413619167718,0.451865937722843,38.5,0.75279296410744,0.00404088424055146,0.055621583075826,0.35963869740908,0.162586165913953,0.612862547288777,0.184741488020177,28557,0.131658726721524,0.212207916070577,0.0315258511979823,"2014",2014,6
"1538",6097152906,532.6677,0.929783223374175,0.0249287749287749,0.0973614775725594,0.668865435356201,0.00817941952506596,0.546168958742633,0.348231827111984,0.00442043222003929,0.449398704902868,43,0.782238667900093,0.02368177613321,0.0673450508788159,0.153746530989824,0.134875115633673,0.675834970530452,0.225933202357564,36590,0.073869183208591,0.205636936769887,0.0943025540275049,"2014",2014,6
"1539",6097153001,7103.733,0.509134233518666,0.126089872568746,0.19922348944431,0.56030089784033,0.00266925503518563,0.389303482587065,0.409618573797678,0,0.477590221187427,27.8,0.786670547147846,0.0205180442374854,0.084545983701979,0.446012805587893,0.233701979045402,0.393449419568823,0.170398009950249,19341,0.0598238688126329,0.456255468066492,0,"2014",2014,5
"1540",6097153002,7121.417,0.735665694849368,0.101168736303871,0.387304034952454,0.399897198663583,0.0151631971215626,0.390894819466248,0.379905808477237,0.0235478806907378,0.527629233511586,32.7,0.808945065629558,0.0340301409820126,0.0197698914276454,0.557284070653055,0.32636525684654,0.475143903715332,0.133437990580848,22181,0.211199545196134,0.568390052356021,0.0580847723704867,"2014",2014,5
"1541",6097153003,8680.127,0.557636887608069,0.0503875968992248,0.20889748549323,0.550428295109146,0,0.417804754678806,0.43601416287304,0.00404653515427415,0.48307426597582,31.2,0.681347150259067,0.027979274611399,0.0215889464594128,0.396891191709845,0.207772020725389,0.474456246838644,0.146181082448154,20088,0.134900193174501,0.382419891437577,0,"2014",2014,5
"1542",6097153005,810.4676,0.887694145758662,0.0239455782312925,0.174505412467339,0.62989921612542,0.00933184023889511,0.601531023368251,0.363819500402901,0.00604351329572925,0.457301341589267,40.8,0.78624871001032,0.00993292053663571,0.0176728586171311,0.353199174406605,0.129643962848297,0.743352135374698,0.259871071716358,29358,0.0889481337857489,0.296046662346079,0.0576148267526189,"2014",2014,6
"1543",6097153006,5171.419,0.661312849162011,0.0421628580624397,0.110889332446219,0.559991128853404,0.00510090929252606,0.399855124954727,0.286128214415067,0.00434625135820355,0.455320399764844,41.8,0.809964726631393,0.00602586713697825,0.0440917107583774,0.249265138154027,0.140799529688419,0.67765302426657,0.235059760956175,25252,0.107648725212465,0.359905521110127,0.0159362549800797,"2014",2014,6
"1544",6097153102,11794.17,0.729180327868852,0.0494411006018917,0.408743503515744,0.265667991439927,0.00061143381228982,0.630089717046239,0.586611456176674,0.00345065562456867,0.583362831858407,32.5,0.646371681415929,0.0329203539823009,0.0192920353982301,0.634336283185841,0.350265486725664,0.457556935817805,0.139406487232574,18332,0.127504553734062,0.451062284365353,0.0144927536231884,"2014",2014,5
"1545",6097153103,7401.192,0.682692307692308,0.0757505773672055,0.263713080168776,0.44831223628692,0.00562587904360056,0.446931407942238,0.444043321299639,0,0.482028665931643,31.7,0.725689084895259,0.0141124586549063,0.0546857772877619,0.542668136714443,0.342006615214994,0.403610108303249,0.115523465703971,19642,0.127358490566038,0.391304347826087,0.0151624548736462,"2014",2014,5
"1546",6097153104,6087.028,0.523573200992556,0.0516759776536313,0.479014598540146,0.283759124087591,0.00410583941605839,0.369850187265918,0.521535580524345,0,0.559920437593237,25.8,0.518896071606166,0.00845350571854799,0.0584286424664346,0.673296867230234,0.362754848334162,0.288389513108614,0.0917602996254682,13987,0.217436429683446,0.638917004048583,0.00842696629213483,"2014",2014,5
"1547",6097153200,1796.506,0.867509172441908,0.057667772390916,0.22105064959518,0.456599510450009,0,0.516018795386587,0.453652285348142,0.00469884664673217,0.547480950756283,31.1,0.564994882292733,0.0246787217104515,0.112248379392699,0.475833049016263,0.363129762310929,0.467321657411363,0.120034173430158,20936,0.0666666666666667,0.465005121201775,0.0474156343442973,"2014",2014,5
"1548",6097153300,953.5363,0.845478036175711,0.0482117812061711,0.23120714193298,0.561392159399664,0.00129382843834907,0.424167354803193,0.439306358381503,0.0143132397467658,0.507806012290317,32.7,0.590433482810164,0.0369539943530975,0.116758013619,0.337402424846371,0.215744892874938,0.555188549408203,0.196531791907514,22567,0.133252390347549,0.363996961768926,0.0217451142306634,"2014",2014,6
"1549",6097153401,1600.25,0.795031055900621,0.134067174710697,0.0672835935993831,0.743589743589744,0.0254482359745518,0.389341479972845,0.250848608282417,0.00610997963340122,0.482588551785981,46.4,0.852936780750262,0.0183829024062173,0.0158421760573905,0.131221043192348,0.103870871319683,0.516293279022403,0.274949083503055,36714,0.103575832305795,0.318359963822731,0.0475220638153428,"2014",2014,6
"1550",6097153403,1210.268,0.816993464052288,0.0538344337227019,0.0786082474226804,0.740657216494845,0.0177190721649485,0.416873449131514,0.246898263027295,0.00930521091811414,0.48108243547983,46.2,0.878476572287647,0.0147832623402656,0.012778752192433,0.128789776998246,0.121272863943874,0.660049627791563,0.227047146401985,34879,0.0812557710064635,0.278658695087081,0.054590570719603,"2014",2014,6
"1551",6097153404,1296.141,0.81284774911482,0.0437235543018336,0.0374888426063672,0.779827432311812,0.00981850639690568,0.468435013262599,0.255702917771883,0.00742705570291777,0.468771606360913,49.5,0.914265959898594,0.00507029269416916,0.0225858492740263,0.0696012906199585,0.0670661442728739,0.619628647214854,0.330503978779841,41706,0.0581395348837209,0.208996539792388,0.109814323607427,"2014",2014,1
"1552",6097153501,248.1854,0.91096901131333,0.0272857826711345,0.0752199829690605,0.728924212319046,0.0315072381493046,0.545218295218295,0.18970893970894,0.0150727650727651,0.513815939712263,53.5,0.87599908654944,0.00342543959808175,0.0219228134277232,0.123315825530943,0.0778716601963919,0.742723492723493,0.388253638253638,41371,0.0648694187026116,0.244663759467524,0.0691268191268191,"2014",2014,6
"1553",6097153502,149.4678,0.919186366135239,0.04833984375,0.033137194177764,0.79157633942397,0.0257045524930319,0.531472684085511,0.203681710213777,0.0166270783847981,0.523061580653204,53,0.8760907504363,0.0421341311393667,0.0174520069808028,0.0506108202443281,0.0885066068312142,0.726840855106888,0.457244655581948,39760,0.0590048436811977,0.190357232075943,0.0760095011876485,"2014",2014,1
"1554",6097153600,334.5693,0.933127174333204,0.0165194006915098,0.149422632794457,0.709468822170901,0.0108545034642032,0.434464976364418,0.194241512677267,0.025354533734422,0.528329927549693,52.2,0.807728032695523,0.00297232026750882,0.0237785621400706,0.165149544863459,0.103473899312651,0.672110012892136,0.388053287494628,39276,0.0823806321452589,0.256870443073472,0.0648904168457241,"2014",2014,6
"1555",6097153703,107.2329,0.909475167312434,0.0473933649289099,0.061328125,0.68046875,0.015234375,0.248919085855466,0.121680049413218,0.0710315009264978,0.522077922077922,50.8,0.897077922077922,0.0103896103896104,0.00909090909090909,0.0704545454545455,0.0633116883116883,0.578752316244595,0.26189005558987,29764,0.173527549081697,0.417532467532468,0.0302655960469426,"2014",2014,6
"1556",6097153704,151.9323,0.768219383921863,0.0779494382022472,0.04829436565734,0.822154082023764,0.00536604062859333,0.286826347305389,0.198802395209581,0.0227544910179641,0.556766055045872,47.6,0.857224770642202,0.0398509174311927,0.0140481651376147,0.128727064220183,0.0335435779816514,0.551497005988024,0.210778443113772,30670,0.159386068476978,0.411410550458716,0.0455089820359281,"2014",2014,6
"1557",6097153705,203.945,0.874867444326617,0.0577149587750294,0.0571138898276445,0.75397093612707,0.0162216965190943,0.435433562071117,0.217092950717405,0.0180910792264504,0.532818532818533,50.1,0.872586872586873,0.0419194704908991,0.0140650854936569,0.102316602316602,0.0948703805846663,0.631940112289457,0.320024953212726,31857,0.132367149758454,0.311325966850829,0.0386774797255147,"2014",2014,6
"1558",6097153706,259.2817,0.957282343368592,0.0377545951316443,0.0677862595419847,0.746564885496183,0.0277862595419847,0.436482084690554,0.169923995656895,0.0396308360477742,0.473289823543631,51.2,0.898477157360406,0.00362581580855693,0.0258641527677061,0.0628474740149867,0.108774474256708,0.800217155266015,0.368078175895765,41182,0.101193106495802,0.266585956416465,0.109663409337676,"2014",2014,1
"1559",6097153801,740.9821,0.934997098084736,0.0513971038139914,0.154018189950798,0.65975846130908,0.00834948561204711,0.671618693902816,0.497988238935314,0.00402352212937171,0.503923607828307,35.7,0.698969462040276,0.00519996218209322,0.0425451451262173,0.316063155904321,0.149853455611232,0.670690188796038,0.284432064376354,31741,0.107592659229939,0.233102663759598,0.0557103064066852,"2014",2014,6
"1560",6097153804,6871.259,0.990251827782291,0.0526315789473684,0.0647899910634495,0.681411974977659,0.00580875781948168,0.706382978723404,0.374468085106383,0.00425531914893617,0.506965475469413,39.4,0.850696547546941,0,0.0199878861296184,0.256208358570563,0.113567534827377,0.768510638297872,0.274042553191489,36480,0.0439882697947214,0.123520485584219,0.0638297872340425,"2014",2014,6
"1561",6097153806,4978.438,0.823272727272727,0,0.0788671023965142,0.642265795206972,0.00435729847494553,0.563636363636364,0.304,0,0.485294117647059,46.9,0.785539215686274,0,0.0750612745098039,0.197610294117647,0.15625,0.696,0.293818181818182,35583,0.0803289057558507,0.15594362745098,0.0465454545454545,"2014",2014,6
"1562",6097153807,177.9316,0.986859395532194,0,0.0573224852071006,0.810650887573965,0.0244082840236686,0.608817354793562,0.382085374387684,0,0.463625154130703,42,0.975092478421702,0,0.00567200986436498,0.132429099876695,0.0520345252774353,0.890832750174948,0.390482855143457,40871,0.0474820143884892,0.152897657213317,0.140657802659202,"2014",2014,1
"1563",6097153808,3681.117,0.553890489913545,0.0214757709251101,0.213644524236984,0.551526032315978,0.00323159784560144,0.394260761072988,0.38552713661884,0,0.482388616748309,37.7,0.676230464194075,0.00489853044086774,0.00979706088173548,0.438068579426172,0.239794728248192,0.67747972551466,0.138490330630069,25668,0.0799031476997579,0.348343443770415,0.0436681222707424,"2014",2014,6
"1564",6097153809,2687.753,0.791563275434243,0.0186871106851941,0.151162790697674,0.611149110807114,0.00649794801641587,0.618733509234829,0.356200527704486,0.0138522427440633,0.469243459816168,44.4,0.731557860004714,0,0.0504360122554796,0.330426584963469,0.165213292481735,0.765831134564644,0.263192612137203,33139,0.100214132762313,0.213056799434362,0.0857519788918206,"2014",2014,6
"1565",6097153901,194.0342,0.847300564061241,0.115586690017513,0.154400720937218,0.682186842895764,0.0183238209672574,0.561473369835739,0.239422598307616,0.0278745644599303,0.479571197411003,43.9,0.750404530744337,0.00303398058252427,0.0133495145631068,0.269012944983819,0.188915857605178,0.657043305126929,0.322050771528123,45382,0.0863813229571984,0.268465909090909,0.0681931309109009,"2014",2014,6
"1566",6097153902,3146.834,0.646278130409694,0.137224782386073,0.208728652751423,0.538899430740038,0.00683111954459203,0.426691729323308,0.361528822055138,0.0056390977443609,0.484955336154208,36.1,0.703808180535966,0.00540667606958157,0.0143394452280207,0.451104842501175,0.283497884344147,0.394110275689223,0.236215538847118,28915,0.0965675057208238,0.429048414023372,0.0607769423558897,"2014",2014,6
"1567",6097153903,3368.856,0.852305896088733,0.152046783625731,0.0941904434513579,0.715022344448264,0.0165005156411138,0.5,0.308302808302808,0.00427350427350427,0.459156942129078,42.7,0.819957132650631,0.0076208621100262,0.00476303881876637,0.234103357942367,0.142176708740176,0.591575091575092,0.385836385836386,34780,0.0944558521560575,0.368659204572517,0.0628815628815629,"2014",2014,6
"1568",6097154000,31.73548,0.93645251396648,0.0744394618834081,0.146660212971926,0.713939980638916,0.0275895450145208,0.609829488465396,0.259779338014042,0.0140421263791374,0.578813250819075,49.3,0.819439388423735,0.010192937750273,0.0160174736075719,0.203494721514379,0.125591554423007,0.695085255767302,0.466399197592778,44337,0.0940988835725678,0.281033855114671,0.12938816449348,"2014",2014,6
"1569",6097154100,17.49879,0.935359116022099,0.0763962065331928,0.179673950745751,0.621227887617066,0.0156087408949011,0.572230014025245,0.267882187938289,0.00490883590462833,0.535103395455706,48.2,0.731682410007659,0.00638243553740107,0.0104671942813378,0.292315547612969,0.197600204237937,0.64586255259467,0.395511921458626,37670,0.0335671342685371,0.234347048300537,0.119214586255259,"2014",2014,6
"1570",6097154201,370.6859,0.657813465101915,0.0443911217756449,0.312131919905771,0.473105614448371,0.0153121319199058,0.548936170212766,0.339007092198582,0.00141843971631206,0.518372703412074,36.9,0.752230971128609,0.0118110236220472,0,0.408136482939633,0.211811023622047,0.446099290780142,0.19645390070922,20249,0.0662683324280283,0.507757033920589,0.0106382978723404,"2014",2014,6
"1571",6097154202,89.82861,0.891685736079329,0.04957805907173,0.115634086334153,0.652874077387609,0.00782822634757325,0.618651124063281,0.28059950041632,0.00457951706910908,0.44206008583691,45.3,0.843842852426543,0.00808847804555959,0.0602509078903929,0.242324199405744,0.132551997358864,0.746877601998335,0.365528726061615,33827,0.0718870346598203,0.140847429241333,0.0374687760199834,"2014",2014,6
"1572",6097154302,65.70213,0.965217391304348,0.0224466891133558,0.0576102418207681,0.827169274537696,0.0533428165007112,0.424074074074074,0.19320987654321,0.0222222222222222,0.437714285714286,53.8,0.935714285714286,0,0.0108571428571429,0.0434285714285714,0.0502857142857143,0.702469135802469,0.34320987654321,49767,0.095166163141994,0.363532110091743,0.135185185185185,"2014",2014,1
"1573",6097154303,25.66183,0.94114921223355,0.08584686774942,0.0182250396196513,0.873217115689382,0.0229793977812995,0.570821529745043,0.0368271954674221,0.0113314447592068,0.474358974358974,66.7,0.935143288084465,0.00226244343891403,0.0128205128205128,0.0558069381598793,0.102564102564103,0.794617563739377,0.570821529745043,44633,0.0196078431372549,0.165912518853695,0.0736543909348442,"2014",2014,1
"1574",6097154304,5.866954,0.92125579001544,0.065439672801636,0.0723926380368098,0.706134969325153,0.0177914110429448,0.457777777777778,0.104444444444444,0.00666666666666667,0.472925981122702,53.7,0.862891207153502,0.00596125186289121,0.00645802285146547,0.109786388474913,0.103328365623448,0.651111111111111,0.275555555555556,36823,0.049718574108818,0.262328418912049,0.0455555555555556,"2014",2014,6
